295 39 -312 256 321 -223 -313 303 -58 202 23 -232 -461 113 -417 469 -401 -133 262 -392 197 330 245 411 -180 -48 -388 -379 173 -269 314 -169 -241 -27 -227 -393 -254 -73 190 233 131 182 -260 351 176 254 -313 160 -99 166 319 115 -368 284 -272 -495 401 349 488 385 188 491 495 265 223 -64 -272 362 176 196 -110 193 116 387 363 416 -170 386 -359 -245 35 -268 294 441 483 39 380 -67 496 83 406 -114 -287 123 -179 266 248 -32 -406 464
444 124 -268 427 423 -180 -363 -336 -355 434 279 -56 499 473 -123 -365 -282 -185 230 -35 -58 -110 -250 -498 -362 14 -231 367 -113 -341 283 -367 337 -133 198 -381 174 -363 -271 274 427 -382 -197 -455 220 386 42 157 -280 -310 -220 140 -145 466 470 -320 -224 456 -101 -50 -145 39 -26 -281 40 231 -455 399 489 -291 169 -114 178 435 121 -119 -141 394 -75 -305 175 -296 327 -105 -406 -485 -272 -11 -339 -456 -359 4 -379 23 29 169 -322 187 -386 -140
308 -199 -72 -352 -50 457 -66 211 -124 41 -253 365 438 490 350 405 -455 327 -309 -441 -206 245 -346 289 370 -443 -231 -447 275 222 91 -26 -488 -195 -95 -311 222 284 41 -337 -408 -29 393 0 -256 41 169 38 -103 -102 210 -129 214 -362 -426 -383 -102 -493 104 -40 -190 457 -248 434 -181 -402 -281 105 290 335 -169 -132 -64 -169 164 240 -473 461 72 180 264 217 -233 456 202 -119 -432 -261 -198 -376 62 -287 -291 -273 -378 93 342 -211 394 -101
-218 -170 385 -364 -386 -47 -33 45 147 275 257 -270 356 -407 -144 72 481 93 -144 -8 367 -291 443 135 401 24 366 114 -337 403 358 37 57 131 -394 282 320 41 239 265 -102 91 -283 263 325 -105 -313 363 249 35 277 -209 267 264 301 -335 -478 450 -70 -66 -462 351 -145 313 -56 -383 -225 35 -364 -177 -316 282 219 405 -154 398 -142 -35 -25 -431 -379 -195 311 -319 397 -442 -242 -256 244 -25 -323 166 232 32 197 -62 447 153 -495 -313
317 -42 109 -494 -271 290 -56 -256 -221 -403 -110 64 -285 -429 258 2 -297 87 235 415 453 59 374 50 -310 -119 410 -200 -407 273 -56 -328 -300 117 -23 -475 -473 483 -46 171 159 -491 50 -221 111 -119 161 49 -52 173 -248 -273 297 253 -455 -221 -380 -490 363 366 -302 -454 -425 129 -45 201 -75 -1 -357 -65 -450 -360 281 160 -457 -214 -82 153 -25 -426 353 -58 184 -432 -145 400 121 -40 -358 -72 -47 430 -133 -98 -108 -124 59 82 438 -46
-454 -62 -128 160 -197 -162 277 2 -219 -477 33 378 239 386 -69 -109 -412 -232 -493 210 1 -271 76 144 -437 115 361 102 263 -370 9 141 -107 454 -296 386 394 424 342 -159 -128 87 -142 -359 -361 182 314 -18 -288 205 -47 -103 -223 -371 -324 25 355 214 379 -404 255 -455 191 -475 477 -349 255 164 -80 -414 454 -67 179 283 -144 -330 466 404 -291 401 185 -381 389 351 382 60 270 327 232 408 365 -290 -474 332 96 -263 427 -393 429 351
165 -120 -424 302 -324 -322 -464 -488 147 -109 -44 -379 494 -204 -143 -107 368 346 427 112 -465 113 219 -421 209 -271 -2 -194 -355 -67 -403 439 120 290 459 -312 33 162 -37 -77 -13 336 -100 368 -302 363 242 -330 -228 372 294 -478 95 -431 -158 297 456 500 -305 -320 235 -10 395 329 146 -327 -481 -26 179 468 248 423 -183 352 -20 219 -439 22 336 85 -323 1 -24 493 241 -173 -297 259 -383 -233 117 -440 277 451 -74 281 -389 -35 -375 -195
413 205 -470 -158 33 -54 432 422 397 186 250 107 3 380 -13 377 -312 -60 -89 -133 -169 250 351 -109 -209 -316 237 -347 -91 400 -453 -440 442 -254 177 266 379 119 198 -453 -201 -217 484 394 102 100 -320 70 -324 -209 499 386 -267 130 18 -400 -281 -23 -13 -401 162 -307 -448 -491 -362 -433 -47 -65 -365 -98 -381 87 -134 15 290 24 248 8 -251 -445 -442 184 262 -281 -144 169 7 -292 420 168 78 366 203 390 440 97 -426 422 -230 274
-357 -51 -166 466 -101 333 -183 112 -410 209 48 -188 381 367 -176 166 453 379 -209 -451 -316 -313 79 289 -321 -481 -106 -84 55 147 303 481 414 32 299 -404 214 416 -396 -221 278 -472 -350 474 215 -189 -30 -202 -311 -468 -187 -177 487 344 -256 57 346 -412 -403 -375 -306 -280 -178 116 -354 33 405 426 186 -367 387 108 -216 418 -39 -245 -226 -1 138 -425 243 460 425 -433 -49 -350 -297 -32 232 -39 -331 -387 333 -275 198 345 365 -360 208 -280
-268 -33 -25 -361 -296 -266 206 -148 267 -430 430 384 133 67 -51 -456 -101 381 -491 -472 382 -332 290 -212 -477 102 -22 -64 397 -93 248 -192 -221 -493 433 362 -234 448 72 430 281 -320 -189 190 345 401 208 -30 369 -421 117 14 -416 391 -9 175 486 56 -276 -227 -142 363 151 20 200 195 337 177 -343 -127 432 -372 -191 -199 -270 340 -126 460 376 418 115 -459 170 161 -302 489 -459 92 17 304 -233 281 475 158 -446 -53 245 252 222 280
-189 -349 482 478 65 332 140 -113 226 -361 111 192 -495 -15 244 304 -12 -214 -83 -33 -414 -417 -315 486 293 -483 409 177 -200 -460 61 421 346 241 -109 13 -468 -187 -463 47 303 472 363 -216 -196 180 406 314 -230 485 198 479 -364 -452 206 -103 -27 -477 -316 473 -78 100 129 55 212 142 51 -230 -303 144 -396 -239 487 -431 -439 -153 -22 -411 70 -122 -38 94 -449 454 -314 -286 100 155 -301 -309 -213 72 -248 -79 494 -412 -392 479 -197 -247
456 234 324 -334 -10 105 -432 104 124 -330 -93 -417 487 -474 393 324 -378 -175 -279 36 -359 177 93 193 -235 -113 35 -345 -52 -469 -237 -379 -193 -372 -469 -21 -54 -107 363 -463 263 67 -385 -144 -473 -225 -322 369 166 368 460 -286 -1 -7 306 251 21 169 383 -498 357 -270 -359 97 -347 -283 65 169 28 -313 366 -164 -155 -464 41 421 -33 -396 14 -352 67 -47 54 -390 56 430 -475 -291 349 -338 404 -326 347 -246 79 -127 459 484 152 -227
85 102 -428 -382 -106 4 114 335 -393 -27 -277 -36 -414 -247 332 -389 -414 -431 198 -3 -381 -351 -186 484 -320 87 177 335 -95 87 -480 -96 133 102 239 307 -325 -89 20 -439 -265 -165 -124 -256 143 -254 -91 138 319 331 -358 53 470 -65 367 -494 62 374 -407 -167 81 319 257 -68 179 170 374 -315 -78 -207 201 309 479 -380 153 48 312 -301 -424 354 228 -9 -234 280 276 299 -258 328 11 107 -4 366 427 -423 -360 -221 470 -301 -27 -400
-179 12 -43 53 208 -343 442 -103 182 -181 250 -312 291 38 -369 411 -116 -225 394 185 14 25 464 207 -131 214 -376 482 -119 -93 -379 429 166 -191 96 -173 361 81 285 344 409 -215 308 20 145 27 45 -65 448 77 -88 310 -254 196 279 46 -153 -351 58 -44 292 -32 -60 294 -77 401 -255 -113 -102 42 108 124 377 143 -76 257 227 443 -205 57 -494 269 462 397 -59 177 -409 266 -336 499 -378 118 -251 396 -416 -151 357 468 294 -452
-151 -252 -68 -113 330 -491 36 1 298 -488 -134 309 212 346 226 466 300 460 -37 323 432 416 251 133 -31 223 304 70 345 73 -301 -92 -313 -382 492 443 148 -232 280 -362 -19 -170 316 -38 334 -267 141 -167 425 -278 -298 389 -413 251 -136 467 -186 -255 293 194 -357 209 -248 -367 21 -97 230 -132 -210 465 148 0 437 500 -358 93 173 428 397 176 346 -90 396 233 412 396 -398 149 -264 -339 -422 -59 -7 -195 167 247 313 113 456 269
-208 424 273 -312 487 -184 171 -363 37 -219 498 114 360 -240 -364 296 18 119 405 -441 -420 -389 -111 194 396 -327 124 -278 126 333 4 38 -483 -420 -31 407 179 -224 -44 270 321 -368 -237 285 -211 -478 454 445 9 -58 261 165 343 253 169 54 -176 -445 487 412 -229 451 264 473 -154 230 420 -176 -138 -33 -375 -217 -159 433 -441 124 417 -205 449 111 460 281 -268 -290 -332 -311 -106 -150 145 481 -41 291 285 271 -492 -111 -225 372 209 -384
4 -409 362 -372 -197 -115 -284 231 -352 9 -347 164 -440 55 -272 -135 348 58 430 -254 -430 281 366 -417 -108 -421 -135 -358 220 110 -459 -127 -444 -217 -340 -83 369 460 -353 -220 325 -328 444 412 417 -387 -95 -295 416 -398 -346 -185 25 124 -394 -236 66 -412 -477 157 -380 -248 -37 55 -413 -430 241 220 -154 -234 -455 -43 466 -499 -135 -113 -374 -151 -475 -127 151 -206 156 -100 164 -242 487 420 432 -167 -262 -295 307 427 -370 21 -179 259 -324 252
306 -122 -90 -86 -168 437 74 -152 -386 490 -369 -233 496 -484 -224 321 373 145 -53 -53 385 -335 -356 325 468 330 400 -27 74 -203 419 -54 90 55 -419 -113 105 -136 -476 -181 199 23 274 386 -148 -105 -223 30 -144 147 -160 311 -20 -346 -260 -214 91 -321 -214 69 -266 -170 -353 -339 273 -121 404 -284 43 -371 -207 -146 -45 -89 -380 442 31 -51 -318 240 266 -89 -457 -254 437 -407 100 -310 195 -25 -427 -258 -349 -362 -157 -246 -266 205 -472 -67
452 317 -470 238 -78 -192 424 -236 -57 397 0 41 -387 -288 15 152 -190 438 20 7 80 241 -121 -491 -108 398 -472 -206 -153 -134 490 -426 356 353 -456 439 -192 -150 266 -336 -127 462 497 256 -405 -214 182 61 -192 -463 76 304 248 -471 -477 380 151 475 218 -174 -459 -435 132 184 -474 479 -175 -438 169 282 65 288 -261 -395 393 -195 216 457 -467 470 -382 -432 -179 237 490 123 -13 443 -132 -162 76 238 -353 -342 391 363 398 -190 -12 238
468 -343 466 -282 -405 -143 -261 393 -132 245 -327 -390 -161 98 -64 138 -177 229 253 -468 329 -195 115 217 -376 -141 445 470 424 -446 -160 243 -423 -362 -235 -145 -144 98 -26 376 90 52 211 10 -83 355 4 176 -304 -424 275 -315 -107 411 495 -121 -497 -296 -418 418 466 -467 -445 -164 -115 227 -274 -370 -263 -12 -136 171 477 74 -50 -55 24 230 309 53 -223 -50 409 -114 474 167 491 250 -197 -1 -418 -64 -478 -437 -127 425 452 307 -326 -176
226 365 478 326 -5 65 -279 196 -132 -217 -181 248 -500 313 83 239 -188 319 375 -308 -359 484 -323 266 -271 289 -25 -145 -167 -81 -447 -425 -76 -387 239 465 -147 114 136 -88 357 19 -397 69 335 -475 240 -303 -248 331 5 245 -320 -490 317 432 -103 -398 324 -69 137 -289 -201 3 495 85 496 403 41 273 44 475 -36 484 403 -159 435 127 9 206 -125 -5 -126 492 -436 451 -263 39 189 347 411 -232 367 25 233 119 414 15 457 -97
-352 260 -479 -196 -350 -114 217 82 108 297 59 137 -314 -136 429 -365 98 -360 132 149 127 229 -371 -68 -72 500 237 -65 68 -318 500 -26 -275 334 91 -473 284 194 -68 113 335 270 65 426 -181 404 -480 165 -352 346 -450 357 366 -405 -45 -16 413 365 -431 -335 -375 196 347 -70 -447 240 -266 -445 410 -3 -457 -15 196 -109 181 1 65 -327 440 -74 489 319 -291 73 295 356 54 -408 448 -237 97 487 11 -23 -238 -2 -378 -85 314 -248
-385 103 -457 -254 483 -105 262 269 -230 -497 -192 420 -376 -247 186 480 407 301 54 -396 433 -251 -191 -38 198 71 245 -255 259 147 -471 389 253 -278 255 -453 -121 -67 -138 134 -410 -475 109 367 339 235 -310 216 486 375 61 105 -96 -319 -333 -92 480 -367 427 361 -317 248 369 384 -31 -369 -500 -409 349 32 68 -161 -372 -213 44 -94 147 -265 -214 -251 434 -264 -149 -252 -196 -299 138 495 395 -43 -74 55 -140 343 468 174 145 42 -365 -73
200 -74 467 -357 269 304 -146 -332 493 -328 -352 -209 316 -335 -30 298 -423 362 98 14 -108 390 -80 -121 434 392 -249 -371 26 416 9 186 201 275 -389 59 27 -21 309 -70 467 -448 187 -174 281 -131 438 496 466 34 96 86 10 463 -449 235 209 -465 -354 436 -387 -121 -404 -447 -178 -31 381 -81 289 -254 -384 394 -98 302 174 -135 290 -422 497 -175 -456 282 -228 255 -327 -453 458 -172 129 -314 -289 173 317 -421 265 -398 -466 207 -375 48
-316 471 -130 487 381 50 227 367 441 -355 -255 86 311 -308 -88 -142 -214 433 268 234 -405 435 -54 -341 -338 -72 -24 -192 -407 -327 498 -332 -385 160 -301 -461 463 -223 424 -336 471 66 304 -38 -279 -228 320 235 -187 -69 -489 -250 9 -348 -348 -458 155 409 113 -10 367 260 -54 392 32 -158 -340 3 -159 -329 344 237 -68 -439 -487 353 -458 73 -316 165 178 -220 -139 172 -146 0 272 94 360 390 285 -136 201 -44 -146 -259 -437 -392 397 -481
353 411 20 149 -407 350 -20 451 -170 -395 -219 -130 358 296 341 245 33 -83 460 -434 321 241 -210 -290 -438 443 -127 445 -288 63 465 56 267 52 154 -426 434 -444 -67 -29 413 358 486 -228 183 -86 -199 -123 337 -330 -239 453 -392 -217 290 -470 99 86 -397 355 -185 -11 297 368 460 319 364 -417 151 -339 -428 -469 -340 -405 -447 306 -24 -76 135 -125 97 411 -292 -251 -304 -262 97 199 451 -378 -293 429 294 232 -254 412 80 -23 -10 -65
-123 262 390 -311 -173 459 -422 355 -200 207 432 71 -359 -93 -142 -272 6 -252 -203 -275 -93 -436 102 99 -125 -292 -377 324 -370 -65 365 -304 -81 -352 366 499 280 345 47 -83 -7 -439 49 466 461 -49 374 -110 277 357 -256 364 -487 179 302 -68 -64 63 -71 -412 -218 62 101 -6 -360 120 -129 115 -388 45 119 -29 452 87 -403 -479 -406 -195 94 -95 9 150 -336 -63 216 -315 -295 490 370 266 299 447 -52 181 487 256 178 113 -276 99
-71 64 265 64 117 -365 -206 -251 -264 289 -323 326 -111 -324 14 -234 -315 -300 15 -44 172 430 -304 -234 -249 295 -21 -21 -48 257 -160 344 -20 17 -452 432 328 -67 -455 -272 -89 424 -489 -312 397 -339 69 -367 -386 -123 -7 -123 36 411 -242 -112 141 -176 -339 466 -252 308 -286 -376 -48 -90 -245 -394 -173 -308 121 -392 -145 -466 309 424 311 -191 220 9 -233 267 -106 -128 -171 145 -126 274 -357 -396 151 -154 -370 493 360 -485 367 -111 399 446
-177 -141 387 -175 -352 357 -90 -72 274 8 362 79 -395 -342 -389 -119 86 233 72 -247 287 390 495 -260 65 -218 -290 -2 -41 -102 -381 -246 121 218 171 216 -237 -154 115 472 306 -174 -450 407 335 -457 -154 -307 97 160 -382 -201 -235 34 -378 -39 -469 74 53 -458 194 -160 498 -121 -455 -352 -196 -264 -55 -267 -181 -285 -40 98 290 384 -354 373 352 -269 -480 222 238 438 -330 158 -34 -10 -297 116 403 -415 -401 -196 168 -245 174 491 -53 -391
291 -157 -331 11 173 -38 85 119 -150 -496 -57 20 378 -147 202 -355 -266 28 -453 291 -94 -352 -472 38 -132 -8 255 -175 341 218 318 102 76 379 -169 -100 475 494 -438 -357 -331 -230 431 -67 194 283 412 266 -480 -70 303 435 490 -238 -120 -5 310 -437 255 -16 318 265 -59 -431 402 -292 409 -444 -395 -404 -248 -72 -391 -2 -332 134 12 -375 374 -362 410 -118 -319 214 494 230 147 -350 -368 482 -277 246 -267 -472 -224 431 -466 323 422 -352
-358 -20 -94 398 351 -241 128 398 110 316 402 165 -383 -419 -259 49 442 -470 -421 -338 -462 46 -466 -406 -240 326 284 -112 260 -65 -493 -213 -305 384 -209 471 -333 -411 -143 -411 430 -349 -47 -281 434 455 -234 -161 474 162 354 -332 -87 -152 391 363 -261 -112 246 -154 -434 219 287 -296 -338 -185 26 -394 -312 -52 196 -321 -135 280 -499 -175 -172 -5 392 -460 5 -303 -93 -339 -152 -223 -99 427 -346 149 495 -353 -450 173 361 239 420 -358 -301 0
-446 413 166 -149 375 204 -15 76 -102 365 417 -257 137 263 -155 -354 269 -53 471 -251 -99 470 428 -80 -389 267 -139 -366 -229 298 121 -459 497 155 -117 77 -206 -218 -412 442 -94 63 -477 -51 -254 -370 -9 20 -31 -55 150 -381 -276 303 230 155 -25 400 -235 482 171 -118 389 467 403 180 72 436 345 -323 -104 236 -484 -477 -51 -27 398 54 -364 341 -353 114 -14 -392 63 -32 -297 183 -456 -120 -181 -326 -487 -286 -477 114 -441 414 -328 91
500 65 60 -486 -364 -453 225 357 -313 -29 -74 -188 377 323 307 436 -79 -373 17 374 99 21 -108 -478 -75 -291 -106 -393 -411 -163 -488 21 102 -423 83 -283 -314 175 -479 -286 491 -171 214 -37 -459 359 153 447 414 487 275 -71 151 211 52 292 200 -407 145 -239 416 142 -22 164 460 298 -183 -294 -198 -35 188 90 -452 307 464 -172 -153 -46 56 304 -18 -354 27 -376 397 -427 360 239 -237 59 352 132 176 432 -16 236 107 195 252 -269
-409 146 -327 339 473 225 212 276 -446 290 133 65 123 333 358 388 -41 110 -40 -81 116 -165 145 -249 -319 -195 -113 -129 92 366 -347 136 -155 120 281 -135 -100 -343 -489 336 -489 -102 399 262 494 73 174 120 148 363 292 -61 -253 -472 390 -271 -231 -304 -402 43 408 -132 413 199 245 476 247 29 64 -408 -492 -162 -326 -425 265 -481 -453 476 141 -353 -269 -459 -407 -316 302 -376 330 -238 34 -281 -347 -355 358 29 210 287 -45 -150 377 254
305 434 227 -423 24 411 58 -268 -165 -319 -214 254 -374 410 64 149 405 -469 466 491 -371 -310 -296 362 399 266 317 116 -18 -272 278 -393 -362 158 488 13 367 386 242 -341 242 489 295 -14 75 355 91 412 -78 306 192 379 -284 -264 138 -245 -343 444 247 10 -114 -281 412 -492 -272 147 452 75 111 -25 304 281 -363 141 168 348 -500 377 100 54 414 72 -202 -42 -330 25 160 -467 -196 -350 -63 73 61 -321 451 -18 -219 325 41 140
-463 -70 376 -268 128 -371 37 -105 -429 -108 223 26 -23 407 7 449 41 333 273 -241 350 -267 482 -309 -157 -29 -393 -444 -466 104 -375 -165 -137 415 486 -64 -290 331 427 -12 -15 -136 367 219 -398 474 -151 -141 160 277 -386 239 -9 -201 -129 -483 -127 224 -448 -44 -92 -393 -396 392 191 301 371 166 -280 -376 -270 280 455 -282 -208 179 -23 -97 161 -297 324 -314 286 325 -88 202 -490 -84 84 289 27 134 -161 -13 -103 106 -197 374 -149 -67
397 -188 210 -189 -488 -342 -94 -145 203 -452 23 -489 290 29 474 -318 -104 295 -445 230 -451 -282 144 -387 -431 30 244 -294 478 -450 31 329 162 -20 3 -453 -439 50 281 -52 -74 2 54 204 332 -183 -463 -385 16 -439 -156 145 -448 151 245 0 224 317 -462 354 -305 -145 476 -145 493 -88 -484 -247 -299 -259 -251 90 -89 437 3 273 -136 -221 -392 -500 -471 -5 4 -274 -352 -269 462 -260 187 -237 262 -243 -350 473 94 -447 452 -338 466 -401
339 465 340 308 -299 184 498 -104 382 -395 -494 -468 -396 313 75 462 105 62 -425 357 -282 399 440 352 442 -113 -437 113 69 249 -43 239 -350 -270 243 -133 -246 -21 109 -116 -116 164 -353 -2 -346 57 345 481 92 443 321 -342 -46 -151 -175 37 197 33 29 -306 -61 53 1 193 -109 74 -174 56 -125 -62 150 94 -218 -273 330 310 239 63 -271 455 218 356 257 -281 -165 -84 126 -189 -347 -230 295 216 313 309 -323 299 8 -96 -444 243
29 -76 -414 -194 -380 171 -84 -160 -432 71 -316 129 163 -66 216 393 -74 59 423 364 100 105 446 -345 -273 -79 -197 -485 -359 -416 412 -298 -478 -358 122 -30 -229 -132 -346 453 -395 44 -25 70 322 225 -163 329 -50 -338 273 -73 205 -378 271 264 -82 -63 -403 -309 293 445 -282 203 369 -437 -275 281 -239 -430 -227 29 -323 -309 -36 -471 297 249 409 -460 -457 -212 -420 -33 -481 -217 158 330 -478 -189 -397 105 71 -203 -206 384 19 59 306 279
-45 -370 -196 263 127 -427 -463 -408 492 170 157 -271 -420 388 346 -329 230 -428 384 355 -435 -155 316 298 209 -231 -159 357 -243 -156 143 -21 358 110 403 110 46 -185 -496 -246 449 -124 -87 454 -384 30 -345 -355 -464 -176 -426 -418 145 -328 -383 -172 428 334 155 107 -283 423 242 -429 -18 -161 -246 -195 368 -161 20 112 -38 -320 -473 -403 433 -178 -449 96 63 -89 415 292 -23 -359 -101 -210 -406 -294 -134 -330 -278 82 -179 -142 -33 -435 -336 -394
-6 484 -254 240 292 -243 -318 108 208 -91 -439 -125 415 -301 210 -193 277 379 150 8 -389 215 -474 -42 53 -187 -495 151 -41 63 -185 52 -437 -483 136 -329 -278 -268 -96 -284 62 -331 -355 95 484 -416 -63 175 -370 -183 -364 -366 -251 -331 377 107 431 -70 337 -400 397 408 -294 362 -75 -354 -162 131 329 240 -439 19 -341 -473 -418 162 -45 432 369 401 158 467 -108 -4 -230 352 500 373 -356 -63 108 -431 278 200 383 113 283 -54 -439 86
430 -214 -285 495 -438 203 425 175 -120 238 459 -314 391 369 420 -415 -481 -240 -159 -416 126 353 -309 346 -104 337 115 -229 -457 -107 -417 306 -184 399 -42 433 101 342 186 204 35 -145 384 -437 223 35 233 320 -303 409 236 -48 -459 -90 -91 274 278 85 -476 -64 409 10 -40 -110 -53 493 -272 -490 361 180 -246 -324 -167 -99 -49 228 -64 -397 -77 57 425 272 -491 -93 77 -14 173 -87 294 164 -439 230 180 36 -371 -473 395 357 328 -35
223 352 257 399 -430 102 -352 162 108 -363 345 77 60 355 -114 74 -138 24 -181 -271 -499 -241 -118 -82 176 276 389 356 92 -409 391 -297 -356 348 -316 -324 -3 136 -112 -336 -441 -414 463 131 219 412 -90 375 331 338 -312 32 -282 -291 300 156 -162 -421 -136 -58 327 269 -32 -49 217 -227 120 397 -412 -376 -191 -175 121 344 216 82 -19 -293 -119 -50 194 70 -315 -146 -187 477 -2 38 -217 405 258 498 -419 136 -162 65 221 427 225 280
-396 179 -85 39 -384 -207 -238 -98 -408 -34 443 -236 -327 64 118 -61 -459 490 -337 -120 -187 343 -408 384 -26 -409 -401 205 -251 -480 -384 -159 -48 -105 -441 -147 -343 -425 -257 -203 -188 -207 251 409 -23 -402 -256 66 46 146 -416 -419 494 -133 -44 419 176 13 104 67 -82 -498 416 -21 266 -378 259 -259 478 -44 -187 -237 282 -216 -156 -161 72 323 -216 -33 336 428 -406 -85 337 -192 -482 294 97 -406 288 65 -439 375 405 -425 275 174 -67 -470
-399 -362 34 -70 348 -326 -16 -393 74 139 -393 222 -161 281 317 -464 122 262 385 66 265 -212 -38 323 474 360 157 -77 110 99 96 -313 180 -127 376 254 -323 420 -204 -45 -286 110 479 441 73 -53 -58 340 -413 198 216 -16 -194 -389 -144 362 364 50 328 -116 150 -21 -47 -436 416 212 -196 286 -110 -87 499 41 417 74 170 205 235 267 -201 166 -232 97 72 369 350 57 448 327 124 -187 -408 -337 486 -45 42 78 322 220 466 208
396 -21 -490 464 65 -242 -304 457 -66 -5 336 -367 -8 -27 227 -426 202 -421 98 123 58 -210 81 235 -345 -442 425 -124 -65 -60 -242 -360 199 93 235 99 -292 -489 385 164 -107 -119 -371 -196 402 193 354 342 66 260 -105 -410 418 49 -235 414 470 216 -193 48 23 -268 -380 5 -45 -411 475 269 328 -182 -67 471 -430 -269 341 -339 -192 265 -442 455 -425 -78 -425 -15 -91 120 -323 72 389 -371 -208 199 -146 70 -48 299 497 -466 141 5
314 -336 -214 381 -263 299 15 -386 -390 -284 -39 -173 186 443 36 -201 -202 145 -259 -90 343 -360 135 428 -73 442 -443 -443 -273 -61 365 147 -158 322 281 -348 -400 454 -38 -276 -48 -497 242 -456 -203 -272 478 358 221 -193 343 281 256 322 419 -365 280 338 -160 43 350 123 480 153 -452 127 -401 166 -133 -476 -89 315 127 -412 435 468 -10 60 477 -64 -31 -484 -256 -133 -221 -35 213 269 -431 277 206 495 -15 -286 -246 113 19 392 -373 -172
-294 -358 196 473 421 107 6 -487 -442 -190 -496 -303 -458 384 -477 372 344 -176 32 -298 -273 197 390 -380 -254 35 85 -77 414 -376 -310 -385 15 -13 333 -19 -296 5 353 -211 4 492 -197 -173 -414 -349 230 158 -66 404 278 312 302 -415 477 -388 -45 244 -260 -162 23 286 294 435 -340 285 152 -22 -88 434 -13 -500 124 -252 145 342 -129 -201 498 397 187 -176 480 392 350 -202 244 -331 -428 231 -343 429 -309 459 -230 491 248 -195 -86 208
64 245 -221 -121 309 -53 -422 84 91 174 454 -364 85 -153 335 74 194 -386 110 -328 -336 -257 -114 -345 4 -420 -213 -47 -493 -250 -456 365 -190 159 -260 224 144 -225 -320 -164 139 404 156 73 -60 90 -346 302 321 99 496 -130 -171 378 454 259 -366 192 36 216 257 -200 -176 127 -89 282 -491 -239 475 -164 491 -469 29 462 328 293 236 446 210 -36 212 -384 -378 -322 -433 243 401 367 -84 -172 -113 54 317 -346 -146 199 -304 -280 -437 -500
-376 382 -408 -53 238 -404 -193 130 -484 -487 -101 321 -206 -155 260 -386 149 -249 -318 -98 -483 363 -326 50 189 -70 -170 427 125 -280 321 -270 95 -37 -51 -398 -210 -73 -314 379 215 -71 66 191 296 262 217 -395 417 -391 -332 57 -498 -356 -383 -220 -11 -192 464 74 235 161 -34 -109 497 -223 228 43 339 -380 -181 40 97 -363 -422 -101 217 132 -349 -170 -314 205 -134 254 -484 307 -292 -412 78 215 262 -28 -83 161 -160 269 240 -323 -484 -16
296 454 -276 -453 198 110 460 -2 -60 331 -413 407 168 -262 282 338 -355 239 -481 -335 54 -345 -336 -149 -267 260 -240 -66 -238 364 131 271 -463 -193 312 380 -284 60 -148 207 -499 139 472 285 204 186 -481 -130 -186 -377 419 500 275 -432 -1 -293 19 -208 364 472 -21 373 47 -90 174 -443 -165 -41 177 -80 259 271 265 -198 -215 -351 -99 -431 -458 397 -300 -330 136 -317 -459 490 101 191 4 -497 -347 -446 289 -128 2 140 -51 389 -412 -366
496 289 220 397 415 252 -245 -50 308 41 88 474 -230 -90 298 355 -430 227 -341 363 -15 192 -425 -187 -198 -384 -264 280 -106 -121 -91 58 -115 37 281 -211 385 -457 43 -166 -222 173 75 386 -430 -10 207 365 146 -265 -24 325 -106 -354 -224 -174 -62 448 486 -29 445 -336 365 263 -23 11 -206 301 -74 -174 439 -487 281 -408 433 272 -156 385 -365 343 -33 -432 152 -44 -247 74 95 -26 246 -353 193 330 -114 -158 -241 421 -126 -500 -20 -239
-426 -495 -57 -385 243 -383 297 -79 -237 262 -187 386 -205 497 258 230 402 134 202 161 379 -49 -33 247 284 -142 -194 339 -201 -115 -322 125 -352 276 365 -359 -32 200 268 -451 92 434 -140 214 -466 457 -170 -352 147 302 406 -176 174 77 -447 31 -349 445 451 -287 411 248 -303 147 26 252 222 -367 402 430 -493 -314 -453 -208 483 -158 -371 -99 -151 177 -350 -157 333 41 97 35 49 235 331 346 211 280 -252 -130 226 -359 -179 -181 -190 191
141 -270 -496 -251 -312 -159 -209 248 -47 430 248 -89 74 161 242 -290 402 371 311 464 -210 -67 -389 468 372 -304 -412 106 267 -65 146 -232 115 404 281 -468 420 -94 159 -24 -316 -440 -174 -435 -151 -495 -134 317 -147 -449 -282 -107 -413 -443 441 -155 -220 -412 115 -284 -431 371 -81 -103 -243 75 492 123 279 -60 -58 -486 -260 -488 -261 135 487 -70 -127 83 -453 -341 332 -318 25 -209 -353 -95 409 -172 -318 -265 -315 109 -356 -179 226 -103 314 -62
130 -364 -341 41 -254 -221 479 18 -243 72 148 -11 198 -129 -159 242 11 -121 -295 382 -41 245 421 -396 425 -371 102 -418 -145 274 -76 -24 -368 -442 460 27 155 -92 -490 329 -401 184 274 -473 -67 53 -66 -489 107 -171 438 315 363 -51 -159 353 272 187 -208 132 -15 -390 361 -14 -168 430 -376 -289 404 173 -411 73 387 443 90 423 436 232 -449 -64 306 419 15 -315 268 -475 -26 -280 -242 117 -61 -249 453 -470 -84 340 -160 -456 -160 -337
-33 -442 97 -147 378 -398 36 366 -403 265 -359 451 204 -249 -443 -344 43 -495 -29 -275 -348 136 -207 -265 -225 -134 336 -471 -310 -46 -209 370 15 303 -280 -415 -492 196 190 -363 3 -37 207 63 -493 56 297 446 -269 -333 -214 145 -413 411 -352 395 13 -138 415 386 -88 19 -424 366 324 -54 -344 -467 -70 187 93 -45 -355 -348 58 300 197 198 52 24 216 -195 280 206 386 -355 -349 106 -499 -85 366 363 307 96 -185 405 171 165 -354 -373
-279 440 175 -358 -177 497 -29 400 -445 195 432 119 -348 313 -319 409 309 339 215 -448 -368 -476 416 -297 186 392 -274 108 47 -355 53 324 416 -86 54 -302 410 277 -255 -207 -434 -38 -418 460 -262 68 -48 349 -488 -353 269 232 -295 259 -344 174 -229 297 188 -79 463 213 66 407 160 75 -436 304 401 -393 -86 238 170 -263 -160 -56 376 -341 284 388 325 -412 -344 139 -491 -275 266 96 -29 -410 358 -240 441 -408 -174 -208 354 -154 -338 -236
-64 -5 -413 203 -68 173 379 177 -306 103 134 463 64 -149 -399 -172 -409 18 428 229 31 486 244 -150 345 463 20 23 -290 -141 -348 163 352 -35 -213 -120 -146 319 211 -162 -248 219 238 414 -321 345 45 -252 -306 -158 -239 385 254 122 492 -384 472 -356 -321 -480 73 -227 163 166 118 -414 338 203 23 439 415 -133 -115 -332 427 416 252 289 93 110 -125 383 -370 123 486 -109 408 -139 201 163 262 -223 -369 421 13 434 315 -115 -331 371
-200 -493 -392 359 109 494 -28 35 -476 50 346 140 421 -389 -395 131 204 347 165 151 62 298 275 104 -204 485 -80 256 212 -42 333 -223 -249 -98 257 321 341 -260 -222 -338 -167 -183 39 -154 17 52 41 417 -24 253 244 -462 -391 -253 23 315 -156 201 -79 -263 182 -103 52 -12 237 424 -8 418 -367 -50 124 160 -78 493 91 308 385 -110 109 -391 353 -411 49 355 48 258 257 481 -449 283 463 -206 -243 -55 -11 308 341 122 411 167
-43 56 424 -129 376 -397 -239 426 -13 19 46 -225 422 -271 -22 135 44 -418 -211 101 -254 308 127 -405 154 -242 495 -90 -373 -309 -237 479 -85 114 31 -320 -407 -311 400 39 -463 -264 408 417 458 -452 201 473 -157 -495 453 -62 298 239 -244 -210 421 472 -25 487 381 353 -347 447 439 -389 195 -319 -211 294 18 -37 372 -124 -327 -360 493 69 -483 332 121 325 -374 307 266 -334 -413 139 -459 463 40 279 -226 -121 -221 -339 -164 405 20 248
100 -388 302 214 63 -340 121 -214 -282 -356 -113 -367 -109 -263 371 -488 100 -38 -86 280 205 -208 282 -78 157 2 -182 -433 439 -323 477 174 -270 -186 476 92 -179 -422 -116 -341 238 -254 432 457 222 136 -306 22 -59 -188 -425 222 -416 383 176 -109 -252 -415 487 48 -94 297 349 261 148 394 275 -13 259 231 10 -483 -249 -96 -356 200 -144 -281 -155 68 -70 -372 -145 462 -137 225 488 -6 424 -122 494 -239 174 86 108 312 -293 68 -350 16
173 200 456 78 -445 173 -58 -279 -338 436 -175 433 57 258 -226 468 -396 72 81 -460 -39 303 173 -129 -358 202 -242 -428 -57 -192 -194 122 35 206 -73 -343 85 178 -46 -362 427 118 -279 -23 -35 104 -205 92 -164 -282 57 -77 -266 456 -327 438 -68 111 343 -44 -194 357 -480 -233 -470 -75 -327 125 -76 353 -134 -388 282 -84 218 -88 392 280 236 -463 377 20 -371 -42 -85 354 -477 471 -147 422 -278 189 -185 385 79 412 -254 -87 -399 172
445 -468 221 330 -429 -179 153 335 -298 -104 372 483 -13 -160 -268 262 225 35 162 -251 -338 -257 -423 -417 -477 -243 -67 -155 -370 324 484 -1 -469 -111 197 287 -305 -123 130 -461 153 -246 439 317 -39 300 443 -422 251 -339 -422 468 499 -228 41 444 372 -313 -430 312 -454 222 -350 421 -59 350 -385 -103 50 264 169 487 327 -436 24 495 -450 -443 -231 305 102 61 -457 410 42 102 -69 -218 428 498 46 55 240 168 459 292 -438 -157 272 179
408 136 64 69 56 -204 -212 -442 -340 -305 184 -489 247 -103 -466 -1 122 -474 188 -22 450 -332 235 -430 -29 -301 -271 -451 122 -419 387 420 337 -343 -293 399 348 300 -355 7 28 -229 -240 34 394 -461 -226 -194 -466 145 15 79 -346 93 -45 -186 -292 161 143 394 489 306 -490 -176 -229 -242 -325 -81 36 -403 -1 45 132 -101 472 -217 441 -230 136 377 -123 79 11 -308 -477 190 368 -468 138 353 -454 -58 -6 -5 138 37 164 289 481 227
305 -496 491 -211 -26 -411 -305 49 390 -117 240 -90 359 35 -74 -461 -304 208 -152 -323 -32 -469 460 -332 422 -105 -50 477 -402 394 -47 -461 184 285 289 405 -127 477 380 430 114 -478 284 424 -234 -328 418 323 328 78 370 -400 340 -494 211 177 -258 180 443 149 322 -172 291 438 316 298 -402 165 -31 136 261 52 -492 134 479 250 159 339 264 -396 95 -314 316 -5 37 387 -249 -471 172 -31 225 43 -338 -267 -234 188 493 -29 -166 422
-170 186 -474 -173 248 340 449 2 442 232 -146 60 -256 -249 -244 162 45 -346 60 -409 -482 79 -252 78 19 -417 185 459 282 -159 134 14 -245 -32 137 298 305 -340 293 -485 275 252 202 425 291 -408 -496 452 -317 -41 -149 430 -99 -82 -266 425 -209 52 -396 -489 -259 346 -302 -422 -4 -372 -11 -228 307 119 -378 203 187 -192 -246 -346 496 174 -458 -167 -10 -346 449 -258 -254 320 275 114 -52 377 197 -483 -388 405 -61 419 135 238 -159 -447
160 -309 -471 -94 393 -327 -260 323 -119 479 -331 -431 41 -251 -32 -319 -195 -393 28 -377 -489 -447 119 390 430 -108 341 -453 -233 -50 66 48 -248 -215 -316 -73 406 162 307 -293 -2 -370 -466 -69 457 -32 313 62 85 90 -54 473 -246 -491 432 -199 17 188 76 156 145 -194 -244 202 -85 297 -349 -351 -9 -219 360 -374 -254 321 273 128 491 123 -375 -273 420 245 110 63 -207 -404 -328 -63 -33 -72 -158 -31 -209 -272 -260 44 -378 115 -127 -323
-86 291 240 -246 477 32 -109 -171 -318 -408 -314 -432 95 -137 -205 293 -442 204 120 -44 -499 413 -440 -281 -342 177 120 -110 -132 225 450 171 164 350 285 -129 232 241 251 -340 -250 -269 -357 201 81 -348 -335 -440 -160 109 -59 277 -207 453 -388 451 -25 305 494 -394 84 -201 97 -331 366 373 -334 14 499 -63 -395 -125 33 -458 95 39 -178 -494 202 -99 361 -475 -180 222 456 -464 19 386 278 -112 332 -164 -9 289 420 -352 -487 331 33 -426
301 462 224 414 119 134 243 -261 214 494 -257 -188 215 -153 -346 -485 318 358 154 -237 -460 -334 -350 -275 324 124 -4 -404 74 -38 250 219 -278 457 7 253 154 325 -466 428 375 -95 -113 -172 25 397 -475 444 -171 -251 -360 360 -225 343 -40 211 46 -265 492 -149 -217 -57 181 49 -429 -31 201 -150 -313 -484 -56 419 245 -212 110 -52 -13 -461 66 -391 -187 106 111 -285 -287 402 454 -258 335 -463 -53 446 -381 376 485 -400 -251 316 82 -142
283 -208 338 -9 498 245 -412 49 -388 -316 174 164 -401 -479 143 -270 344 52 -309 -254 493 321 192 427 29 423 -193 377 -345 302 -282 369 -238 -97 -295 -304 -308 -266 -281 -100 -331 -198 491 223 343 280 -37 -62 348 -283 279 204 331 -19 -438 -311 9 277 319 168 -297 19 407 -264 322 115 323 321 -245 16 474 -368 32 -1 -349 -381 405 191 -476 155 185 -447 306 -72 126 -308 -13 -292 9 -290 -222 -314 233 -306 -488 -497 -250 499 -138 360
-495 -393 -82 -341 -378 -430 -350 -414 -253 -89 -157 -458 -18 368 419 205 -174 374 148 114 330 314 -320 -216 472 86 20 -103 -56 -293 -354 417 305 -42 11 169 15 275 378 -182 -218 -240 23 -118 254 197 341 -64 -116 -444 -347 -18 -138 -298 -82 -89 123 419 370 277 -332 454 80 -379 261 -363 -158 352 -426 -461 84 7 241 189 50 -275 40 171 162 -181 66 271 -147 231 258 201 -459 419 -415 -102 -314 128 113 317 135 -208 -114 -12 168 209
-259 140 15 -135 -207 -196 241 6 -303 277 -59 373 -445 293 -79 45 485 405 447 -124 -159 -369 -1 311 233 -8 483 307 96 324 331 -157 223 176 416 458 121 52 174 -226 114 222 -107 497 395 1 349 -460 245 369 -25 55 423 -331 157 390 -155 -213 75 455 401 245 -429 448 250 -317 -214 275 -414 12 -71 473 184 118 -26 -316 -292 -11 -317 315 -99 69 -333 64 89 -2 94 -242 437 147 148 -423 -239 -430 404 249 -104 -324 -382 158
293 379 415 363 -333 -159 354 -193 -344 399 -289 476 -33 433 183 109 446 -259 26 -47 -55 -348 -460 -334 133 194 -272 106 -46 461 -127 -402 97 -472 -238 -42 -304 78 -294 -418 -181 -424 -375 50 461 361 64 440 278 -190 -6 331 55 -99 -189 -497 -430 217 -217 405 -345 -400 -97 383 -125 430 -247 -410 29 -88 126 286 33 -98 -90 -86 375 -114 466 -496 235 208 250 386 -203 197 -38 21 10 -416 314 213 -309 357 -307 -213 462 -160 256 71
130 -405 169 136 -227 -473 30 -468 121 -304 -259 -259 168 -74 -125 314 106 67 263 -167 34 171 -81 16 -416 285 259 -128 -167 -252 -138 393 381 -460 434 371 -449 -19 -415 -423 -77 356 -375 -29 -193 -37 191 190 -135 267 -163 -158 -380 -149 424 -393 -190 69 76 -217 -69 51 -206 -11 49 -394 -59 47 204 -177 92 84 207 441 199 -256 -408 329 336 -336 -156 -350 257 281 -243 180 106 35 -405 -1 -12 437 -483 -129 -141 294 21 -427 10 -471
435 200 153 -295 29 -410 -71 29 486 375 319 -376 172 220 78 -101 -308 -293 -243 9 -291 -142 -30 217 496 -406 -326 398 77 -127 -51 34 -220 -120 240 -345 390 -339 -33 -92 158 -75 197 -352 -483 -83 -86 184 -76 257 198 -449 93 493 -406 161 368 -187 -211 -172 101 -265 -17 -256 348 -11 65 395 405 406 -364 -422 118 -296 -439 -103 257 368 -197 282 194 -47 -10 153 176 497 -123 -148 -235 -146 -196 96 298 -272 488 278 39 -301 -81 -256
256 125 -346 -303 29 -99 -206 -389 -111 152 -443 335 195 109 159 93 23 -130 -471 -168 338 -13 424 -68 -342 -471 -18 49 297 -152 203 -156 234 -466 -250 -105 -278 -475 266 -77 221 -82 -275 -368 -260 416 22 -62 7 -24 -253 -420 -397 10 -244 410 228 -7 455 413 -445 446 45 -216 440 -115 15 -444 174 -296 -446 -42 128 262 -60 -129 83 51 244 175 -411 -294 368 23 202 37 135 107 -17 63 -161 -107 128 -373 -88 318 -4 485 459 -150
-326 -275 -27 152 296 -140 -183 363 413 294 491 368 -151 166 -232 -332 307 59 -212 -214 264 -222 -405 320 498 -238 19 245 234 -127 -360 -262 -470 -134 -357 125 161 303 -29 -160 224 281 377 -194 -236 290 45 -374 -342 440 3 499 -265 -388 -337 340 308 -348 -211 238 416 240 -309 -407 -475 130 98 359 398 191 -356 -119 310 129 -276 -299 -87 -366 -224 341 295 -387 -114 -211 -445 -334 -301 381 94 314 249 -203 131 -391 9 -446 -322 -213 260 -203
-8 125 -362 385 -161 5 -494 405 422 461 35 420 406 -337 471 144 -365 -475 -320 381 -208 -116 119 -472 -493 319 -2 429 -87 -144 -480 -465 452 494 -99 119 -405 396 -129 237 -113 164 275 -439 43 -45 268 205 -270 -89 -331 225 111 -229 209 71 465 226 -322 443 37 460 330 393 342 349 -122 486 118 43 437 142 375 -469 109 161 398 421 238 -439 -16 -93 355 278 145 -367 109 195 -217 437 -160 -390 -432 -407 144 155 -42 481 408 208
144 174 1 -235 160 96 422 -225 -138 154 464 -490 -161 -481 -64 -19 313 -493 369 -332 -494 -372 293 -130 328 -401 104 -358 160 -187 -167 401 332 296 -206 404 419 491 230 137 -313 317 312 206 -252 -384 -179 -95 -412 395 -462 -318 -309 -361 94 166 -464 -118 -300 461 -8 376 -195 259 -313 65 498 -380 -46 -170 451 429 187 -356 -274 478 213 388 374 13 353 -471 -443 295 -214 350 133 438 -113 363 258 375 199 178 -92 -151 466 -202 275 379
-245 -389 389 36 92 -55 -416 -16 -351 -119 31 248 334 -276 155 252 -306 -360 -489 357 -215 462 148 208 -290 -264 368 112 435 390 412 421 250 -33 -117 -14 -497 153 -4 371 -307 15 333 -37 308 265 -175 397 -297 -170 477 107 265 -349 -369 -459 232 -288 -98 335 100 489 -210 496 -73 468 443 -447 19 -404 -482 347 -196 -379 -121 442 -169 333 453 255 477 421 136 -138 477 -347 -258 97 -21 -276 -71 236 45 -79 -134 412 -173 325 -31 -368
-82 -383 -158 299 -278 359 -111 -100 -135 -175 -476 150 -451 -308 121 130 418 -235 481 -401 -315 -21 -166 -141 -109 -326 71 -454 179 463 -102 -276 383 -223 -379 91 408 29 -329 -448 -164 -470 109 -29 436 -206 -185 -465 -290 141 -408 -135 134 -186 294 18 -468 -392 231 -280 -14 442 -483 -137 -148 271 290 225 491 -9 174 -319 72 -65 303 -359 -289 177 -98 -463 354 -77 358 -218 -216 -167 -391 -473 -491 462 -345 -473 -176 -317 137 113 124 241 425 29
52 179 -266 97 258 -342 408 -203 -449 -427 -219 103 -414 -195 470 408 487 -69 107 -49 -278 -340 -268 346 -459 -145 -27 423 -129 154 -337 297 -74 -327 458 -422 4 102 -336 90 -181 184 -400 384 216 376 -69 475 -109 -388 -324 465 -309 229 441 136 -493 -489 500 138 -262 -489 144 28 130 134 -477 328 383 -443 -424 92 480 457 99 456 -252 -42 232 55 -124 416 361 275 -469 -493 58 211 498 452 456 -287 394 -184 -261 -170 -9 -387 208 -378
-359 269 -188 466 13 452 297 -155 -481 138 485 -222 12 126 167 269 43 -144 -442 148 -296 -255 -401 122 129 304 108 344 -57 -342 172 476 219 -113 -294 115 472 -148 116 -237 -39 220 -39 -103 318 368 148 -170 -60 235 273 35 -17 -484 -466 -327 93 185 1 374 427 -436 500 -227 -383 224 -426 -281 -431 -326 -190 -127 427 -355 -114 160 447 232 -190 220 151 -38 -111 437 107 -385 487 121 -22 12 200 40 -181 -319 -119 171 138 302 375 -402
208 369 -350 -216 -164 -487 412 -342 -275 -226 -457 -425 79 -106 -43 -487 -286 289 -351 -498 14 361 310 127 427 263 151 29 291 -275 -101 231 -26 -142 -248 217 359 21 -484 -9 0 -424 110 151 -124 -200 449 -31 -463 221 -126 220 253 40 42 243 125 -480 -41 121 -322 98 497 96 -408 -373 -196 43 67 -6 -367 294 -181 323 -281 -172 -348 97 115 -163 -242 -142 173 -7 -352 -98 -326 -158 -383 -269 28 -269 -180 -473 -375 210 -295 -265 -295 118
447 499 -495 451 -409 31 -289 290 12 -178 22 402 171 -411 -500 -3 288 16 467 -45 296 -291 -265 -182 187 29 -408 448 418 154 -209 -223 -119 -457 356 -121 -10 228 321 -443 -203 -141 -151 399 330 450 -247 -301 421 -171 -266 151 65 -420 230 -53 375 106 -416 -116 402 -238 249 285 413 -475 -277 499 -382 467 268 258 -283 300 266 -73 319 343 191 -252 -431 412 -446 55 -23 385 -327 312 -198 397 454 280 234 217 221 -351 -450 -282 -107 298
465 -392 239 54 -284 36 49 -277 141 288 -33 -87 -302 72 315 36 -490 191 -347 126 467 -383 -497 135 216 -423 307 127 -276 -173 -413 -21 236 -151 -323 -403 -470 -448 -79 290 332 -404 -167 4 -123 -99 175 -104 -281 405 402 -402 240 -312 196 -92 -264 -224 -193 390 -25 -210 -448 308 206 335 -282 -122 470 -263 -214 -34 213 -369 433 410 499 344 -75 -47 275 489 207 -83 -105 191 -196 -8 467 295 138 80 -42 -234 366 221 -80 -282 155 -245
183 -313 315 175 -450 395 173 345 -279 286 386 -174 455 224 -374 239 226 -37 -220 356 184 215 -477 367 -342 306 467 -326 -405 -370 -364 -41 461 -338 -339 66 -8 -276 296 -67 -162 25 470 -364 -52 -418 -279 466 146 22 307 51 92 -357 -465 417 500 351 40 -262 -6 500 -257 47 35 348 -58 48 377 -114 324 -235 -113 -466 73 -375 108 435 -389 95 -457 111 298 -430 4 -420 -98 -171 431 107 -282 -434 83 384 414 -188 267 180 127 201
-236 78 -10 397 288 309 -116 -334 -335 287 -472 -165 -61 -473 -85 -455 -488 307 -407 -227 39 -365 452 -201 -337 -102 -401 337 228 -103 -151 339 -26 -354 -382 216 170 234 -121 417 -418 164 309 473 -241 -288 -144 84 449 469 -375 -306 -229 -48 148 467 124 299 -474 468 240 184 75 -498 122 -259 362 -500 -404 -262 -10 -22 226 -4 163 348 164 283 -163 102 391 240 -337 -308 -489 424 -465 -53 128 -212 223 -171 -244 175 337 410 -102 208 -417 290
408 67 -153 -222 -290 369 -269 -221 -235 45 -245 204 -78 -341 101 -166 135 443 -154 473 417 60 -133 -128 -483 -47 154 363 200 158 -166 -420 370 382 -301 -199 -361 291 178 146 -398 -214 -478 -429 62 19 266 307 478 86 -235 264 490 493 326 35 -329 376 -340 142 87 5 -207 -336 -93 -295 397 122 421 416 -367 166 467 -197 127 363 330 306 395 282 343 -389 -395 -476 -311 408 -87 -240 -455 -47 462 -114 -254 -439 257 -279 -189 490 -288 154
-340 -195 409 -464 103 473 -203 -3 478 139 401 -262 -190 -168 -266 115 32 -59 276 -7 500 273 -155 216 124 -245 367 -333 421 -337 203 -71 -38 -145 410 402 -177 4 452 -191 461 -381 -51 327 47 287 179 -475 293 427 -164 -96 -453 -208 -319 400 -283 -226 -487 11 284 -399 -170 181 228 378 -450 -291 -193 496 464 349 270 238 -301 -472 115 -419 464 460 -66 -144 126 333 -351 462 -416 28 200 308 -251 264 -19 -99 113 -426 71 59 244 -125
-207 -435 -342 -239 -479 56 307 363 154 -133 -32 323 -5 -478 -355 401 51 295 182 -464 230 480 120 -119 -154 495 442 212 21 386 404 242 394 159 -349 -141 -473 373 274 80 -461 -359 -162 334 255 57 414 1 -241 110 -84 -142 -208 366 471 230 -397 414 -351 -241 -234 -268 1 332 203 301 -261 -171 73 104 11 339 368 470 -38 95 -236 134 -57 -102 36 -352 -474 -309 108 47 -237 -401 210 463 24 -344 -253 381 23 70 -459 349 -365 -320
202 38 -47 422 -198 18 13 -348 -30 370 -71 173 -287 -75 -341 385 265 -370 -107 -136 -13 -29 -283 107 160 -260 135 79 31 150 113 -469 158 404 -341 -18 -163 -267 -87 -141 103 -373 -323 10 113 -10 -40 126 380 -216 -400 -172 229 -391 330 -254 267 -299 -209 -321 -181 -330 125 -191 363 424 -16 440 277 -89 354 -432 -261 -190 491 148 30 -201 276 397 -52 263 -447 -144 85 -189 170 -476 268 -153 -30 -242 251 -287 500 -440 -13 492 488 198
33 -211 308 -99 -359 114 -337 -254 -125 291 263 403 -278 294 414 -67 -466 -39 392 426 -324 -13 -372 -88 456 283 -104 -30 -21 -120 369 428 194 -430 -449 -104 26 367 -45 -41 375 36 180 -168 299 -488 87 -375 108 195 -426 -320 -144 -75 453 -453 -142 420 473 226 -148 327 365 -176 -323 373 392 -430 415 472 -424 225 -60 -272 -260 402 -268 394 -133 -411 -367 156 90 -141 289 -325 -90 -136 335 286 462 -311 -182 155 349 83 152 428 116 259
442 -161 -123 395 -295 -68 354 185 392 146 -419 203 261 144 -6 432 13 -149 -477 3 140 329 480 351 -125 -413 262 -454 -12 484 377 350 90 -233 -51 -204 321 276 348 353 -30 -221 -428 -475 -150 -228 -31 485 -409 434 406 -143 105 -290 401 -91 101 17 65 -424 -63 -365 -83 -230 438 445 388 7 -468 -47 318 -41 53 482 -44 193 -109 118 -482 -24 60 402 -97 -259 283 231 -383 331 25 -14 -235 18 -129 483 -338 -54 339 418 153 -12
-493 -191 106 -391 -320 23 128 -236 299 -490 351 -78 354 178 -27 453 212 497 396 488 -308 -202 -32 -82 98 -265 -356 124 -278 -293 129 -382 -411 87 486 -145 -140 485 372 -500 118 -54 23 3 -394 173 -293 -11 245 -250 -384 141 -340 72 258 354 15 -227 408 -379 -40 301 -401 -12 75 445 61 457 401 9 -320 404 299 -281 -347 70 284 -261 269 264 -204 324 61 0 468 -274 44 -320 -458 381 -470 -448 -380 365 -215 47 -339 -126 245 34
-51 165 -388 -93 -389 322 -220 20 -53 -384 -437 -419 223 109 43 161 -478 -210 382 134 133 447 -69 140 87 91 -465 206 -183 460 350 -454 -278 283 -188 20 -228 386 -439 -462 -143 437 132 499 -430 19 -470 -157 446 -13 247 -206 10 122 267 286 3 101 284 -21 -152 492 281 161 -448 -255 -465 -469 227 255 -393 -394 432 53 440 -30 -140 238 333 -299 292 -448 200 -74 -425 483 -264 444 -111 -221 -85 -415 -308 -375 455 291 -65 329 246 -354
-485 -58 374 154 151 453 479 -240 -483 -202 73 -425 324 -44 92 260 488 -24 -221 -3 -346 94 -19 268 -11 -169 -469 429 -46 442 265 -296 -431 265 -166 -458 247 457 -296 61 389 -208 -463 72 -17 398 -433 280 -397 361 417 129 -181 452 -126 -31 -440 411 -42 -119 205 -71 -336 102 172 -465 429 -276 -456 55 -419 499 -337 -95 -254 345 -422 -443 -233 -342 336 143 -357 -198 -208 354 252 -450 145 -85 206 329 160 179 -194 177 -156 -387 44 67
-219 42 208 301 48 88 186 386 204 259 487 -220 247 -302 -22 -376 -292 -187 105 297 462 56 -483 318 -315 -101 61 98 196 -6 -316 -217 -285 180 -87 -129 51 292 387 170 200 445 -429 -159 441 421 -128 -90 -217 -375 -216 -294 -70 172 233 -269 351 213 135 321 404 252 235 -135 -29 231 -345 491 -24 94 -256 276 -339 -498 207 468 218 237 -486 146 122 41 371 492 -79 376 -308 -251 45 -443 -461 260 408 -195 250 1 229 258 -97 -64
-333 -309 -86 434 215 345 -169 -130 -306 -350 455 337 -434 495 -198 -327 374 367 47 -212 -50 282 14 -245 141 492 129 -217 -487 475 476 148 -468 7 379 -336 -376 -423 -15 -70 444 -50 -47 472 -170 -412 19 78 246 -328 420 356 -336 63 -288 -340 27 -286 -442 -190 -276 148 -101 196 -17 -274 -444 -19 440 191 -99 387 281 209 -251 469 394 -423 193 220 486 -307 -206 -53 -328 112 -230 141 -353 -442 -400 37 195 48 484 388 407 -246 -246 49
-99 -19 296 52 -379 -455 33 252 408 42 -325 -239 -39 -491 -472 343 358 96 490 -351 372 84 -432 -355 45 -211 -1 389 383 -277 141 34 -140 436 404 61 -281 -222 297 210 43 347 -50 -24 -190 -462 316 495 461 -239 -84 150 -314 -211 -281 485 178 477 256 -115 -370 197 -364 -421 -304 -25 447 153 -381 -166 -243 -277 215 436 -3 -13 294 -286 -184 -499 -291 386 -413 -191 -145 -418 -270 105 -477 315 400 464 71 312 -173 482 141 77 189 129
332 131 -182 -164 103 429 -293 -117 119 385 414 -88 370 131 -45 371 -360 -382 480 217 -25 -421 -345 -219 -178 -142 4 -479 -234 438 271 231 311 50 -444 37 -495 -116 380 161 -70 -118 -417 169 1 -259 -76 -173 273 -314 -49 -397 -13 -485 -391 -488 -383 -53 36 -455 -393 160 257 97 497 225 249 138 433 -18 -450 476 -102 -86 58 -269 471 -180 199 492 82 -215 -184 -97 85 -179 201 -489 207 -462 -266 -221 410 -379 390 -423 397 -275 223 69
412 -481 -474 -478 76 189 116 -369 178 -51 -458 216 -463 -200 -219 -300 -371 69 182 -397 321 -402 251 276 288 11 367 402 -60 110 47 6 -85 269 -261 198 -79 70 -270 101 -331 -249 269 48 -392 200 262 62 -15 -396 -24 -487 -481 -53 188 -22 -333 -140 148 127 -3 -175 -467 392 214 317 -377 -177 79 131 -304 -57 160 182 322 -271 -45 -112 390 39 -238 23 -137 141 -257 38 -143 -97 209 399 407 -147 -114 -158 -449 -97 311 250 153 270
-480 168 36 353 192 277 -167 95 -152 460 465 -482 266 -484 28 363 -288 -134 333 -88 -138 -333 41 -216 382 7 218 297 -466 -495 -495 154 -18 219 -18 136 -34 42 -124 485 -366 -143 331 -271 487 -22 -471 316 -176 -219 -99 -246 -195 101 305 -125 -3 30 -15 -18 -453 287 22 89 422 278 243 389 -214 467 17 15 -97 392 -319 -60 -101 139 187 -216 -431 293 254 -199 182 -340 414 -431 -170 133 -99 411 306 -8 -68 485 -427 183 -352 485
-99 227 115 43 -227 338 -29 391 -292 470 192 283 -476 -432 203 -124 -451 140 28 113 100 -448 -200 -440 -108 -473 -55 112 -236 -141 -83 -110 -478 -463 309 -446 -241 -242 -470 -55 361 49 257 -317 398 -361 461 243 -115 310 -71 203 78 374 30 71 40 -484 271 -350 -327 -350 449 -370 -426 -148 -266 -156 401 -471 -376 -383 -224 -430 -89 -98 392 72 -353 -422 -202 -278 47 162 -232 -54 -43 -217 -57 -333 1 303 150 -496 210 417 -112 -435 320 -276
422 -32 -260 269 -124 -392 480 330 224 147 -498 115 -66 35 159 -428 394 -361 39 434 416 336 192 46 -86 -325 -300 -376 -307 -153 -42 -261 -126 237 -33 116 95 97 -345 26 155 239 -299 385 241 55 371 -1 254 -5 123 -223 -114 442 -391 317 457 -322 42 70 -295 269 330 7 -377 151 273 -131 -292 -317 48 41 26 127 -384 371 -420 -471 257 369 315 455 239 86 -360 335 165 477 234 -123 19 -109 -364 375 -307 309 -115 -414 179 -178
45 -499 45 -266 -121 456 -449 378 -148 48 -131 38 -398 299 236 440 -230 -382 251 94 -56 89 -42 147 -410 -329 -308 -182 -57 -162 457 197 490 75 56 -433 206 -336 198 72 -231 29 260 -227 -250 202 -30 -149 423 332 384 -25 354 -458 57 122 344 35 319 -275 369 -90 184 -382 215 33 459 158 -414 -363 -90 -425 -167 -245 319 -103 433 -466 20 -325 -31 -373 325 48 -175 239 -67 449 151 361 -389 -454 92 151 65 259 186 35 468 -134
-156 38 -102 -378 283 153 -140 401 186 364 -433 85 -178 -281 -471 -176 -14 -347 -331 463 -112 -498 -400 484 -437 338 -499 -82 -309 -107 -162 -318 69 225 328 445 -316 270 239 -8 293 -33 333 387 -493 -389 31 327 -22 141 -146 -288 415 393 -301 -157 -77 0 -395 477 41 306 235 249 -158 467 -95 375 433 476 -56 315 -164 87 274 79 339 474 337 222 -259 -291 -480 -243 -407 -391 127 -218 -99 376 -333 3 189 427 -179 104 46 387 -214 -314
420 403 -422 75 -263 -36 -157 356 -33 134 469 299 -370 -246 -361 402 -489 214 479 370 -357 431 213 340 458 491 -457 386 497 -389 -226 -305 -104 337 -321 127 342 476 101 155 -259 260 323 -417 11 412 -471 203 -180 274 -445 127 -174 142 -242 69 441 -140 -23 414 203 347 -176 -171 -103 -142 395 -181 -411 -251 117 -394 -79 -499 489 0 83 106 14 341 299 -425 482 -174 -227 -204 212 -367 -221 184 42 -331 138 191 83 182 6 -162 28 412
253 -405 -324 -478 133 392 297 248 -17 202 -67 16 33 -22 17 269 -176 -153 -34 348 -53 -478 -181 28 23 -35 -86 -293 133 208 -61 395 -246 -233 284 -314 -70 -62 -298 328 -497 252 322 114 426 -147 -142 472 -118 -286 -484 258 -375 206 -143 284 342 -389 -115 147 -248 274 233 306 438 221 -73 208 -205 344 -203 310 -274 -283 -368 -116 -454 281 38 294 -471 -232 -478 196 -179 223 492 264 -225 397 3 118 -264 178 -434 -379 -280 182 397 -450
-79 -314 -363 180 252 -95 -209 -46 -178 199 178 111 245 455 -198 385 292 -93 -80 -152 462 353 385 493 -80 439 -147 17 -369 322 432 446 -211 272 -47 -13 253 185 -10 -110 304 -493 -130 379 -334 -263 -146 -182 200 -21 231 -273 -36 -310 -235 -188 114 -104 -197 270 236 -41 224 229 92 -175 -14 -440 357 -495 -242 -402 172 -319 -359 -215 -260 -253 -315 217 143 462 -14 121 -411 -22 239 -40 208 497 -133 254 -200 -106 235 265 300 222 95 246
-135 44 429 -9 347 350 -360 -59 -139 344 -218 381 -223 -426 95 356 -104 -315 301 225 -173 -401 245 -78 437 -398 481 493 462 48 21 324 180 -55 -207 -277 397 165 -461 -7 160 70 318 -10 481 -60 -336 -169 52 -483 -424 -365 -337 -375 -124 -223 313 -159 -300 -489 10 303 183 460 169 -271 295 276 343 470 -6 196 252 -196 132 -102 59 -397 389 -94 -5 -169 92 -241 494 -393 -335 -12 -115 -4 289 -10 16 -146 139 154 369 235 -435 380
21 253 26 -325 38 500 -2 -131 -400 -152 484 115 393 -453 -464 -4 -104 103 274 232 4 404 350 -168 244 -304 -42 -293 -55 492 -296 195 -283 -489 -227 166 358 -182 -23 -246 -424 96 454 66 337 -284 -417 -331 88 -391 334 425 -95 251 -110 335 392 447 -39 292 192 -62 53 -115 -45 5 -181 -386 175 -378 -311 -471 -223 408 -367 -408 -279 -241 -164 -464 268 -300 180 -77 -154 167 -10 -265 -490 -9 -420 461 -307 -465 -30 -450 238 347 380 -392
375 208 -441 278 118 -470 -207 -447 -113 268 379 -401 50 -252 313 176 89 -27 325 -482 200 -27 13 465 319 -418 124 317 -353 -484 450 500 -270 84 -297 443 379 12 278 222 -344 -478 -353 -57 -47 -419 190 163 -364 -126 34 -291 -313 78 319 -465 24 216 47 225 31 -74 -128 -380 -441 135 -349 43 -480 -301 425 -295 455 -195 -185 305 248 173 354 -123 457 241 0 -4 252 22 170 307 495 -141 -26 -30 136 -289 -191 313 -466 305 -368 438
-58 -204 -410 240 -448 220 126 400 -392 82 -499 -41 136 -463 435 367 424 290 487 120 -24 -98 -359 -317 63 -147 -88 -299 -499 -471 186 -9 -375 -381 -445 174 -325 -310 239 323 -401 -284 253 202 -43 -61 68 -331 -221 -9 -316 299 252 -326 9 204 166 395 -498 -458 -2 396 177 -191 -435 258 -421 -259 -487 256 10 447 357 248 458 -419 -407 147 107 -397 -177 -312 11 -383 -211 58 -335 140 366 149 -189 -251 317 -300 388 196 79 -97 276 -317
-107 344 42 82 -40 140 -108 288 -139 349 -362 -393 286 -474 480 -373 226 160 -470 -121 -286 -320 -315 492 -194 161 -387 103 356 -263 -216 7 -40 -7 -145 -493 5 178 -281 300 324 -141 254 -204 -240 -381 36 -408 42 460 397 -409 213 65 454 -323 190 -402 290 -185 122 -235 130 -7 87 -434 -307 -153 198 -103 -69 431 78 457 70 -111 -136 -259 252 446 197 344 26 -75 369 18 389 -74 441 105 -296 -336 163 72 192 382 -146 288 383 -282
-66 -433 -268 -111 -383 -393 -254 267 -321 -497 185 26 366 -166 30 369 471 466 -386 267 341 176 38 147 -486 -500 300 33 344 -330 188 321 132 380 -448 -433 295 435 486 -361 47 -313 181 477 163 -361 52 121 261 -129 -398 395 -264 340 -462 207 -31 150 9 9 410 -468 -337 489 -111 463 -413 499 376 -162 -67 358 93 -255 -361 -168 -137 408 104 -358 327 375 226 -57 339 -360 109 -460 -288 160 176 464 -211 365 -85 90 -169 -300 -151 -319
241 416 117 175 -274 391 -198 -411 395 164 -154 -240 216 -209 499 364 -256 475 417 -438 459 -66 104 424 471 -15 -11 148 -80 243 382 -66 141 377 -23 117 289 -326 -443 -372 50 -102 264 -248 186 -41 -198 271 -305 426 -108 491 -434 -493 100 -447 -19 447 -455 285 487 -388 243 299 108 103 -347 322 -228 176 167 -478 -40 240 369 191 -201 -449 379 384 -22 -231 -343 -148 -477 -249 -203 -388 273 477 -41 -299 326 341 -16 323 -214 107 482 -270
-411 -453 -403 -487 -121 12 -26 -46 -84 299 -237 289 323 421 -416 13 108 215 323 415 375 -121 252 267 -181 -370 -186 313 101 -479 289 -454 -208 -451 431 292 13 -92 107 93 4 0 -470 -345 -349 -77 269 -371 384 -327 372 -148 8 -140 -306 302 -195 291 428 184 -434 266 -496 -87 -264 -306 -429 -421 26 254 -270 89 453 483 -484 30 -368 -454 266 -175 198 316 396 -350 336 -448 96 203 276 307 -45 -42 168 -242 204 -419 74 299 388 258
-285 -81 232 37 -93 63 -370 220 168 -283 212 422 435 -390 -447 58 -414 -8 494 -233 324 -31 -443 75 -383 37 111 -185 -254 195 -3 107 -80 -404 221 -280 -20 -66 -46 -411 -129 -466 39 -121 -266 473 265 466 -7 -151 346 -139 -313 -300 -254 378 -46 362 -273 48 -272 -466 341 362 448 117 -36 -288 -83 -413 424 242 -214 -106 248 -453 201 175 -189 8 168 -189 427 -103 104 -193 -18 381 -310 436 -310 54 -333 -226 187 403 158 232 -205 285
196 -152 62 420 -64 -343 210 270 280 256 108 -201 52 -495 39 276 -307 -237 -140 -345 -119 309 128 -233 335 -119 243 309 -285 -409 222 -167 -488 431 5 -245 278 195 -282 239 323 303 212 272 69 -455 -120 126 -185 -250 282 -426 370 -397 -389 197 214 412 -296 -33 142 2 -286 83 -212 389 384 -456 -44 -470 100 140 -387 -430 -236 -483 -398 177 -68 -447 -494 19 49 -254 275 411 248 12 -431 393 272 228 -283 283 232 -133 443 5 241 302
-134 398 272 -496 -26 81 -404 -158 145 -228 -423 -18 160 -329 -141 -43 197 71 95 327 -487 172 248 8 -88 367 -57 333 299 -164 -56 439 -83 -209 272 96 468 -291 -445 484 250 -484 -461 262 -172 -341 -308 291 -168 432 379 -375 -440 348 20 -442 -11 -59 4 -60 -1 315 -47 -473 -55 324 -430 -363 41 87 233 470 8 -15 -330 255 215 240 -107 -18 65 54 178 -472 -259 327 -212 -205 483 -35 313 -405 479 481 -71 -46 208 -461 -167 328
-53 394 -242 63 -185 -244 24 -491 -375 -366 -452 -377 -211 -349 145 -67 -455 459 -215 390 131 252 68 -489 310 319 -201 419 439 268 219 184 -181 228 -263 -282 -237 -281 -95 -457 247 350 98 182 260 -132 -412 -107 91 -141 -169 485 -92 153 -322 -73 -130 44 191 377 -394 461 84 35 -89 -193 -35 111 -149 114 -106 -414 82 -392 499 13 356 -349 -394 447 -495 -264 270 33 -326 79 -417 319 -333 221 498 -65 -353 -248 -347 -103 464 -292 192 43
476 492 -219 447 1 -50 198 -495 -116 -42 -110 422 -263 -105 -377 -247 -213 227 -459 278 -272 -246 75 -392 26 283 -326 214 -49 188 146 90 -475 314 -182 308 259 -235 457 -421 -212 -465 -210 11 -307 -208 396 -177 -246 311 223 -216 -478 144 -296 488 -357 -168 -294 -303 -243 471 -319 -163 -225 383 294 320 -15 235 266 -44 -296 -108 -182 15 82 373 -318 -20 -498 79 135 -296 102 -453 -445 228 88 -374 40 415 -495 144 389 35 -201 215 -254 343
383 61 437 420 -499 338 -211 -227 302 -229 -6 89 -265 79 276 -44 413 -343 251 343 64 -281 -228 -274 222 -348 364 -491 -355 -190 60 461 -264 342 450 63 438 210 422 -227 158 211 59 345 97 251 -426 -31 28 499 498 -47 -249 -232 -87 -272 368 -134 -370 -302 -288 179 430 -306 -114 -369 -225 -266 -16 462 -185 101 24 -389 173 367 -352 3 -302 311 174 -194 215 -386 22 -365 391 -97 460 290 -252 4 -51 38 135 -418 -325 -442 12 252
191 -393 314 440 95 266 325 481 -488 314 -357 278 -348 -62 -431 -459 -327 -429 62 -234 496 -480 338 -260 -427 -158 -127 101 270 -20 48 -269 -8 246 -63 -180 -464 -219 -64 466 -223 409 -252 -99 425 476 253 172 -369 259 -307 497 389 134 253 -121 181 -282 280 -383 213 -13 405 490 -189 -191 -202 -370 168 333 317 57 -8 291 -339 -189 -387 429 353 136 43 -165 -344 -266 79 356 -199 250 9 -465 -470 -228 267 423 175 -438 479 -85 494 -33
-367 -258 417 432 124 138 174 455 70 169 381 -43 -324 194 303 -76 -58 392 -253 -305 390 -355 440 -221 -434 -17 -274 -456 354 -90 -65 -43 -499 -194 -30 -48 341 -405 158 200 -383 77 -260 234 83 425 -311 315 -168 114 418 -364 376 61 489 -342 -256 -163 281 358 -30 -222 284 229 210 -6 -129 -285 236 11 -81 20 119 219 54 -205 349 373 439 -302 -378 -490 318 -488 73 -205 99 -415 409 23 116 -106 -25 -283 -3 225 241 -339 285 -4
388 404 24 51 -51 308 442 28 -477 206 -265 -222 -99 -364 -479 -104 351 -131 149 -81 -294 -408 -85 -265 141 463 -207 -284 -216 326 -106 -275 -5 -492 289 -345 -116 -72 -482 156 180 -370 202 138 -43 430 -31 -474 -338 103 8 -122 -216 -433 26 107 -71 282 -151 81 -90 452 -145 203 -335 -279 18 -207 498 -314 478 257 -150 271 402 336 322 49 488 242 298 -278 -391 -50 -368 225 273 -211 -285 -289 -35 175 340 -450 -17 -289 -215 341 -351 150
241 -125 -440 236 171 -493 80 -168 493 -222 449 35 -433 -393 313 19 -138 -323 -25 451 -488 -291 352 -451 -473 379 -202 -120 -132 -297 30 -188 -141 290 -271 472 208 -111 498 -349 -403 -73 -457 -446 393 497 -482 299 23 298 27 -166 -236 427 370 424 -393 377 -475 341 248 -86 -371 201 -423 401 487 42 -404 86 117 30 185 -91 -308 186 300 71 6 -347 221 277 -10 95 -97 320 360 -91 -497 -312 259 -185 -113 -479 233 -150 -424 -92 -32 -151
180 -482 201 412 -495 -316 -318 198 251 -87 456 -413 -449 441 -432 370 -348 12 40 -102 200 290 -198 446 37 183 -401 467 187 359 173 367 -259 258 -230 389 -120 57 396 -52 212 -49 276 -334 87 -271 436 323 -28 29 -426 145 -137 -442 -46 336 318 -94 -192 492 -477 412 -261 234 -84 330 253 277 -120 187 -495 347 125 410 -368 -19 16 -350 455 -387 318 -255 427 -494 -280 -450 5 0 200 -113 -16 474 46 -295 122 398 394 -23 263 -224
297 -151 -202 -334 -1 251 10 259 -48 -105 290 -328 66 407 83 -41 -181 -392 -346 274 -479 406 -160 314 490 -345 494 -108 -161 325 161 -477 -370 -382 279 -194 229 -108 -266 -228 -45 -340 221 312 238 104 -307 246 93 -460 202 -94 -290 -104 243 -253 438 -251 173 -17 170 1 -426 -145 -490 238 -398 167 331 -414 395 421 -255 -387 -225 330 73 -295 496 393 -104 142 407 -410 389 131 -424 -129 -438 -18 115 94 -461 -85 94 -338 -325 445 91 102
-287 -94 358 -172 390 -28 492 477 419 -269 -466 -26 161 -479 265 -336 107 -91 -469 -263 383 -260 111 238 -381 -178 -216 358 -270 110 451 -298 135 -124 -414 -155 -430 201 240 -463 -200 357 -277 201 312 -435 237 -433 440 1 -60 -65 140 -66 -256 65 -54 -462 350 -216 -233 -417 163 -318 429 -89 51 248 478 -194 164 364 429 379 -276 315 24 6 65 -280 -484 -17 57 -134 144 -61 -405 186 -6 25 235 -25 41 -452 432 149 84 265 338 -71
-467 332 462 208 243 272 -223 478 274 449 -25 463 -127 -272 -351 -295 -31 119 -357 478 332 238 -385 454 -81 -495 49 339 345 324 -298 440 -179 -64 -436 466 38 -82 305 412 403 -271 150 -318 495 -17 -319 62 -122 -93 153 283 -280 469 176 387 -154 314 -135 83 215 366 -249 -284 150 309 334 -334 -107 -356 99 -213 397 -321 -410 -165 -427 -489 -282 308 485 -383 51 462 277 143 168 252 -150 475 -259 -483 -86 -309 410 -62 -490 -473 130 291
89 184 -426 -360 -172 205 -277 177 387 467 39 -239 244 -108 -431 356 464 211 71 436 -489 -413 118 112 -479 -495 -168 -285 -345 466 408 -349 -334 89 181 -38 -98 224 -86 443 -391 118 82 -343 500 -126 -484 161 293 -77 372 417 -325 5 203 -413 259 -220 275 446 349 446 -334 -355 -300 86 -482 372 -82 -242 89 -33 -181 -433 -398 275 85 75 -323 43 496 349 309 -273 81 -469 -48 -265 251 -459 -94 -229 -37 -105 294 -298 203 415 60 -346
-108 -11 -275 412 -237 -263 -102 293 -388 97 -200 -282 -40 -431 25 219 274 21 -325 89 389 -89 39 -133 -75 -282 296 93 -232 293 94 -295 277 -88 188 -277 281 -259 489 326 -491 311 210 45 189 136 473 -385 -86 -199 488 192 -117 -199 415 500 105 222 428 -1 30 338 27 154 -40 285 -359 -370 191 -361 474 -223 -85 440 385 -42 -118 -58 457 307 -455 -3 374 -153 486 -190 384 -28 23 244 -217 231 -423 415 375 -66 76 -38 281 -355
174 -1 276 435 -8 41 430 5 -258 -56 271 -296 -160 39 323 -131 212 -205 -488 145 57 244 -221 461 309 -102 61 -231 9 -59 -121 -279 40 255 209 -478 192 -340 112 337 -308 -83 451 380 -244 406 -11 226 -111 432 393 461 -375 399 -8 -335 -425 -376 202 -144 377 -406 315 52 194 78 91 17 -429 -451 -274 324 -64 86 399 -344 -7 -295 -310 113 490 319 367 238 319 -22 184 -478 -294 21 -157 -338 470 211 -81 72 73 368 -201 -450
-446 483 -390 366 -134 -381 341 -317 223 72 128 -377 -11 13 204 -81 -89 84 275 -300 114 -213 -476 232 157 12 -384 445 369 386 197 171 455 188 -263 383 -455 365 -180 -167 436 -81 -45 -229 -5 356 301 91 451 477 -414 -270 444 59 463 -290 112 -355 336 422 121 359 90 350 -38 -253 335 -355 35 -267 -198 -128 434 75 -92 330 429 339 306 -497 -276 -26 215 433 -500 -260 -401 300 -221 -202 -413 -96 243 203 -264 -261 172 417 487 -234
55 244 248 -282 -68 288 380 -232 66 224 59 491 -456 363 -499 -264 447 -243 381 240 3 370 -188 80 299 300 -233 -46 173 -249 -315 -16 -116 -219 75 263 492 -295 178 455 -381 -372 55 -370 -388 -46 -36 -439 -353 -165 -425 -259 259 -429 449 213 -323 -57 -8 119 390 193 227 -288 52 -488 191 -100 -323 255 375 272 -157 69 -124 -117 201 -329 212 -490 -369 0 221 -374 -145 29 -438 55 97 -419 467 -212 455 -420 199 -304 238 -40 -403 490
-56 467 71 262 -46 -293 83 169 -75 177 -125 -240 -204 -454 269 252 482 -388 90 -61 -7 -199 -482 341 222 361 -432 233 57 392 -318 -479 -474 259 -61 -343 38 88 -162 216 314 45 -101 -334 -410 -106 468 -482 -460 459 470 -30 411 320 420 267 -495 -18 40 64 177 385 184 321 -113 -277 -477 -343 426 49 -477 274 283 346 350 195 -83 -244 31 -315 -165 385 26 -490 447 42 -145 106 -92 491 292 -329 -332 153 20 -144 463 -83 -194 373
166 -86 459 297 116 20 485 -64 -179 458 262 -145 -463 -186 -344 141 -133 131 -163 -242 -335 481 -70 237 480 -392 -396 425 -278 -469 -100 40 -364 -409 -5 361 -368 -302 -264 -285 393 283 283 -108 -246 -62 468 448 31 55 245 -363 -38 -157 -434 260 49 -179 38 288 489 165 -475 81 240 19 -344 454 -225 5 454 -119 -205 463 -360 -220 294 -248 345 -209 244 445 -257 148 -152 -394 -124 37 -297 214 -156 440 -331 -80 -238 367 -267 158 453 361
341 -372 -422 -35 406 -201 112 459 151 410 -317 325 185 344 426 -388 -292 401 -484 209 449 -105 -299 426 -157 -13 -204 168 252 100 -74 305 -121 -93 91 358 -216 218 276 144 306 159 483 427 -385 -270 366 -359 -184 377 -449 -81 -486 -323 265 -444 -85 357 442 -87 88 -11 292 -311 -370 417 -159 -320 230 -482 -305 232 -487 -325 -251 323 61 -162 -428 -151 -377 99 361 -75 464 332 -203 -65 -177 -456 -51 -380 -48 -364 -425 124 67 80 200 466
70 -374 -249 -178 326 292 347 196 369 328 415 -231 42 -371 110 -7 -322 -418 143 370 95 23 21 133 -444 51 -420 132 -183 258 37 -335 -14 -270 -51 -498 360 -484 231 284 116 443 209 419 -472 104 33 344 -319 -416 -464 412 -293 -258 -362 -273 -192 -379 397 193 160 -235 38 100 -25 163 -91 -154 -241 326 -490 -324 -300 -96 124 11 -109 -398 -13 419 131 -418 -141 358 436 441 143 -216 432 -152 -2 -59 61 239 -259 -274 373 29 -173 277
-169 -108 -394 -285 -106 219 228 -295 384 7 396 -345 -453 482 106 367 65 -340 168 -263 -19 409 140 19 -466 444 -284 497 496 194 -158 400 -449 -11 -234 484 50 407 -396 167 88 -402 -483 -142 -186 -162 16 -442 -457 185 138 -356 456 30 -178 -322 -16 187 -266 -87 205 69 319 390 -386 -78 -210 -400 71 449 297 -367 426 -353 -165 255 93 -236 166 69 -453 500 -72 315 -177 -90 -491 -493 -400 -159 -93 353 -376 -11 -385 -460 326 33 382 -497
368 289 385 -389 -309 182 25 58 -439 231 -441 -456 404 453 125 -339 439 10 114 193 -183 -455 -58 401 -52 -451 464 263 433 43 298 -400 87 338 -472 238 15 239 231 51 -485 29 354 137 -161 -261 169 101 130 -105 429 127 36 -466 -7 60 -480 223 -321 374 161 128 21 146 -125 -142 -321 46 -392 -88 -104 -26 119 -202 -428 260 286 -479 -356 242 -495 -407 350 -108 -158 245 -103 327 76 -384 413 290 139 -433 -241 -325 -322 335 -125 -347
-462 -216 -98 330 -244 101 55 -174 -241 -294 198 -200 -242 113 -321 490 84 -39 -112 359 411 -126 -476 179 247 472 343 -169 -197 353 0 90 -93 -448 -298 424 274 -200 315 -365 184 -24 295 255 -219 -340 404 40 -470 -27 -408 -295 -184 -477 -339 355 -382 40 210 220 -422 317 294 -420 -337 382 366 148 288 439 -448 428 409 -318 -335 421 152 -48 -133 -438 171 -395 103 207 -175 -154 312 245 -221 -494 6 351 374 -130 128 -42 102 279 -354 -250
-399 267 -321 -2 249 461 -292 268 290 220 162 83 -68 335 228 -451 -284 383 -360 -237 37 50 -43 -135 -343 33 -386 138 70 466 73 -84 -406 -197 33 -464 -240 -486 -239 59 351 -484 82 -4 -458 144 -248 163 -200 375 241 403 -402 220 350 391 -126 459 -228 -365 -407 63 -482 285 265 431 326 209 -8 -197 -436 122 282 496 257 -108 102 -216 -445 -500 -273 -127 189 163 -12 -424 437 -204 -347 24 -71 -497 -21 300 256 -298 145 -186 37 -152
-419 432 -270 -298 -358 255 -50 51 65 357 -332 117 15 473 265 -441 -9 80 2 -500 478 273 13 410 -488 -140 424 22 -205 7 -182 -121 -408 481 -482 -56 -477 375 389 361 -403 -271 -74 -70 471 40 349 375 -147 276 -354 -353 80 190 247 42 -246 420 -12 -239 197 -130 -381 268 -432 111 -419 -471 85 223 -8 273 -154 314 58 -485 137 173 212 43 -223 28 -292 468 -294 -181 -207 -289 -207 -95 -288 -482 267 -257 -209 -282 194 -350 194 -367
27 -67 407 411 394 -113 -147 275 285 332 447 370 -338 -162 392 90 -216 -433 -2 -122 -219 7 228 381 304 37 -289 342 -190 -126 286 327 468 22 -214 -276 454 -283 452 -481 334 -103 413 116 -391 -184 -211 168 34 68 -226 21 -349 412 -397 -296 170 -360 -355 -372 327 -250 -479 88 -334 447 57 455 59 229 399 -293 208 352 -474 -131 -339 -320 384 -156 486 -118 232 347 366 56 -348 314 135 254 -265 475 -393 443 -287 98 171 9 96 -308
-264 -449 -10 -119 356 178 -245 460 7 68 499 -480 -171 -223 454 143 299 289 -469 495 461 -349 267 -373 453 256 27 154 -478 -44 -207 -36 -138 -266 349 457 -104 403 -481 195 259 438 163 335 -368 123 388 416 223 306 64 16 254 -118 280 -262 -141 95 474 -230 -242 395 452 41 472 -266 -149 -191 -170 -237 316 30 372 -79 35 262 -162 498 8 -174 263 272 263 328 -422 -161 438 142 -187 375 150 66 211 -278 -341 71 479 30 -495 281
236 388 -204 -386 -465 112 131 -377 294 116 -227 368 -273 -75 485 -112 498 -183 79 -456 -201 -102 213 -345 300 -104 -102 -480 488 -137 -55 -102 -240 370 -254 293 473 385 248 -391 170 469 -323 -117 -267 -288 271 382 -75 -90 432 -308 -308 -412 13 254 -158 -87 276 170 -446 437 -165 11 -224 -247 138 -157 -136 -327 -22 -178 417 -22 53 -496 357 -437 -211 483 74 405 436 -145 -68 106 -178 53 -261 3 -42 294 228 141 -69 168 -9 -269 -35 223
-71 -261 285 414 -296 374 435 -89 -388 -21 -135 -231 167 -186 -400 95 125 -90 -410 168 10 -346 -84 496 67 -45 497 361 59 302 422 -124 341 -442 476 104 -206 31 161 352 -57 -314 -55 -182 168 187 -262 230 410 183 -228 -483 17 450 289 -108 178 298 -277 -97 372 275 109 39 -38 -185 389 394 -330 438 -408 7 52 409 439 91 212 -128 -473 309 5 33 -443 224 -199 -119 -440 329 -392 -323 487 -369 251 109 438 -366 192 -355 426 4
336 124 -337 -290 11 -184 85 425 -106 62 285 -480 -98 300 198 -185 -260 -305 -169 -97 75 -118 -250 341 -193 497 441 -159 474 309 264 386 171 114 -70 -154 -144 -23 135 14 -472 -2 -353 -99 -431 -413 193 -189 -21 -441 -398 25 -319 0 -13 158 -354 -437 -431 257 -11 -240 137 -23 -82 -182 324 387 423 -269 162 -27 -104 234 -111 -73 406 -197 -22 -393 474 207 185 307 333 -73 -306 248 -284 323 489 452 -215 437 429 146 -499 -119 38 257
44 -173 405 258 353 388 -90 -474 36 88 -434 -488 -453 316 -330 432 283 -336 468 334 -329 126 -493 -303 -447 -163 454 215 241 249 -21 255 -27 -134 368 447 -345 35 -453 82 -431 -320 8 -300 -438 477 124 -144 -120 342 -85 -459 263 -103 25 123 -388 -363 27 158 3 -163 -404 420 197 -270 -231 -189 -24 255 261 -215 57 -322 249 263 411 186 324 197 -317 77 -95 239 -330 -161 35 -408 -366 72 487 171 43 118 -278 -415 254 -445 468 -44
442 315 -288 318 -399 57 21 121 -344 449 -338 -326 147 449 -172 -96 -73 12 228 157 272 437 312 -84 -184 -11 99 75 -391 272 204 -251 230 -101 406 234 -99 106 -197 417 235 -344 301 392 -431 -29 251 64 2 -488 436 -103 -365 181 350 -299 214 41 -57 117 -196 -473 136 -400 226 223 -223 -449 433 -394 -66 -176 271 425 143 -419 -70 272 346 2 -232 322 51 -69 -94 6 376 -161 -345 -299 -171 -447 -397 -451 -113 -378 -122 -36 477 139
-338 383 375 -232 -225 -351 69 -50 306 -357 -33 -493 216 207 163 -256 -488 -437 -296 -238 -267 464 -457 82 -441 -34 73 106 332 -351 -411 -225 -108 179 -487 245 441 402 -23 -426 88 -54 -222 264 311 -335 92 262 419 77 -435 167 -239 -496 271 -197 281 131 -431 -454 -110 489 -3 -285 331 -307 -403 154 233 286 395 341 66 -171 20 227 445 415 -481 337 139 -254 105 -364 393 23 -267 140 -236 432 462 5 -210 -476 -246 -275 -267 414 462 -498
-396 172 170 -421 298 33 -153 216 467 286 -6 262 -155 -211 -329 103 357 279 -2 -90 269 -60 230 429 -122 -286 -205 273 8 409 107 0 144 -280 330 224 -433 392 -254 436 218 93 -47 215 -487 -186 421 483 -277 -85 323 -460 -362 388 66 -78 304 -434 -125 -222 381 -217 -210 -383 -157 170 -249 -237 349 146 -318 -157 -171 -449 -276 197 75 126 -286 -283 -19 -497 -124 133 -408 -48 281 476 -410 388 235 -30 -75 483 -290 233 -284 -200 453 378
-239 -446 25 250 -474 -391 18 -312 -13 386 429 -143 -370 -92 -494 -88 -479 487 233 -242 -370 275 292 -45 -77 84 134 -399 443 -402 -293 -447 -386 -185 477 -212 -451 -283 -435 483 -200 279 -264 441 -307 234 -388 119 -145 -377 413 -130 -441 -184 -409 -189 -265 116 -435 240 -204 418 -445 272 373 307 390 -293 -393 -298 357 -263 173 178 412 446 413 500 191 -175 -68 232 -490 486 269 391 26 132 -492 -423 -150 199 267 -137 -198 -25 -347 -308 98 270
112 61 339 -488 416 -476 -201 -229 -441 -26 60 -438 -429 -412 177 138 197 -336 228 -220 18 206 -323 372 274 -268 -374 -91 -458 406 -64 46 354 242 -496 -219 477 -247 -255 -188 83 -461 -428 167 64 183 496 16 -238 13 -90 265 -319 -493 -53 150 177 468 -467 18 45 36 -60 -118 101 178 477 -461 372 474 -55 497 304 -117 61 -412 63 -47 27 233 447 319 -141 -145 -28 245 254 -197 -237 345 -56 -453 50 -78 23 -465 -181 -23 -69 400
-456 -403 -346 -447 -414 -346 301 20 119 288 -81 -490 491 -168 352 436 -463 -343 259 -103 -245 -241 -227 -62 -237 -455 -136 201 402 384 404 380 375 -92 -222 -225 210 205 -418 -424 236 -149 23 -383 49 -357 302 -94 -440 -447 -275 -283 268 400 -150 -135 477 269 -10 425 56 280 -247 -374 387 -79 34 237 -95 -310 385 131 389 -175 61 -472 -83 198 -390 446 318 456 -84 156 -212 -219 -354 366 105 -444 387 210 437 53 255 148 458 -221 204 -6
311 -281 -84 -416 151 -426 53 -188 217 436 -481 26 -392 349 124 75 -359 -273 -93 230 -403 -228 182 -298 435 -126 -278 408 59 -242 -85 -494 -145 -360 364 343 -500 -156 -328 -362 240 63 33 -460 430 -40 125 24 -120 -445 -343 -359 59 -247 409 167 27 444 111 -434 -483 379 -399 288 250 -242 33 -107 -336 -452 -144 -232 315 182 -466 -313 -303 -173 -242 -36 -106 -362 200 1 365 -219 -140 432 -257 245 97 -270 -289 -274 396 171 429 169 0 -323
176 265 110 354 -294 -358 33 276 -328 -28 -493 -31 -276 228 -88 478 -419 104 279 -98 -141 102 -433 -322 -173 -465 262 -251 -289 24 478 -120 224 -230 -404 -407 77 -329 -419 -263 64 -113 -153 -70 -471 -192 -421 -34 381 373 -350 -212 258 -405 -201 271 336 -78 -29 479 74 -358 492 393 -258 29 -445 74 316 -235 50 248 444 226 392 -304 298 277 42 415 117 48 303 -33 -325 326 -201 -65 -264 442 -263 454 175 -78 170 -446 -426 -291 -125 -115
13 -366 -363 272 -91 338 -293 208 415 -236 -10 430 -294 -420 371 167 105 296 -160 403 274 494 -39 46 -444 492 193 350 -363 -153 -284 335 323 -465 179 -261 -324 203 -68 -315 368 481 -296 458 -246 132 -299 395 -109 -131 -41 -478 -429 35 -50 -393 216 -498 -284 417 -315 34 263 345 37 -296 280 -280 330 136 -291 283 -321 -66 11 -249 62 432 424 334 -119 160 117 364 -121 -477 -138 -157 -219 98 -91 -123 -50 45 452 -435 302 311 -426 85
-372 -478 -390 270 102 242 29 -383 -211 321 -290 -301 -227 -145 -467 350 -221 -305 -425 260 362 119 -399 351 -380 -89 -328 -341 359 -29 -314 -129 415 489 335 -366 158 -125 -335 -146 138 -22 412 -416 -338 59 -53 -132 -415 -269 -436 -261 -18 -409 -471 -368 369 35 310 -256 123 -358 -44 220 103 -316 414 284 50 441 -473 -499 -122 138 -194 -462 355 188 -392 -296 184 -33 -44 379 -156 251 111 440 -297 269 -99 202 141 250 288 240 344 -291 224 222
-84 94 -468 248 492 293 206 102 -437 -11 -395 -73 -74 324 417 -162 -267 -376 250 57 -247 122 -19 -355 11 32 -146 82 -248 268 -166 89 -375 133 275 -381 474 348 460 134 -486 395 -413 -101 90 -185 400 489 -138 497 93 -1 299 16 328 181 374 -468 -123 360 414 -398 454 -162 -445 -88 247 -263 -64 322 -274 -110 -322 -267 -368 -101 252 292 63 -383 -374 70 -277 110 -242 211 257 -415 -413 -382 -56 -476 -2 -6 368 88 -81 -383 302 -21
-438 310 -409 -267 450 158 16 -164 373 189 -190 -325 62 -475 -263 -170 -397 263 216 41 -468 -14 -416 97 -427 -357 101 77 143 -119 410 -192 -168 -382 -101 -110 -56 -312 494 -61 -97 342 -116 -281 427 211 102 -188 -242 -423 -81 -75 406 -119 322 125 335 -216 -454 48 21 412 -135 -48 -202 345 374 -73 329 235 -295 -460 398 238 56 397 306 -169 110 149 29 277 345 15 123 261 -487 -231 261 463 405 -443 -47 -146 -41 -148 -41 -349 -88 444
-205 351 232 159 83 -118 -52 168 492 -309 -449 -293 281 484 -185 -47 5 -389 416 -390 291 -201 -183 172 482 70 24 -173 -86 85 -223 385 -447 -147 482 225 -112 -12 445 159 -233 276 -292 -151 400 -347 46 449 436 31 380 223 242 -180 165 79 296 -38 -211 -484 416 235 -94 344 74 207 -387 354 -243 308 -109 -212 368 30 -33 45 -66 169 101 -106 23 -262 -136 103 420 -306 -276 -235 196 -489 -459 72 117 -227 453 26 196 357 -156 437
-390 454 209 122 -448 -259 -30 156 382 -124 -488 -285 -293 -444 151 -309 46 365 -143 135 -200 167 -314 -219 22 -450 -94 402 375 381 -293 317 282 -292 160 -397 282 -329 492 153 -284 217 -180 217 438 -438 -188 -288 -246 48 395 -161 -184 -146 486 -343 -294 -469 468 -290 -127 -399 452 -98 -107 264 -404 139 -347 -85 -42 -483 329 152 -374 389 -281 -324 67 -6 -62 -376 97 -277 181 191 472 168 -253 78 -316 79 277 195 309 500 -449 -394 -188 -34
270 -238 -36 -249 -473 323 434 41 -378 -372 -368 -107 492 114 363 -110 -195 371 -277 231 87 -379 329 -207 -174 -88 -268 -237 398 -211 223 407 -119 497 -442 101 173 2 93 96 226 120 201 -128 -499 -343 386 -287 -197 -190 -203 470 88 488 69 378 -3 -204 -139 -387 -97 -337 65 285 24 56 -342 -42 -453 -24 -455 -145 -251 471 -380 -84 -348 162 349 281 44 -172 -150 -114 -54 458 -5 3 -355 -370 -468 -19 407 -426 -202 465 -329 49 -193 -184
196 -316 98 73 -159 418 223 321 85 -189 273 352 334 -74 20 -379 -344 354 40 -103 305 414 -301 -4 444 -313 -349 78 313 -65 257 359 -235 78 73 -481 273 400 396 428 7 -47 -158 109 -31 277 194 -144 -33 -274 -316 367 -438 -305 -22 -145 -360 -498 -137 -468 -195 95 -158 -138 352 238 -225 291 443 156 -208 474 -395 213 -472 -489 -89 121 -261 -18 -174 -56 338 173 -235 -267 -237 66 -123 -2 -219 -353 -242 -452 298 91 259 -499 98 -134
162 -195 288 -223 157 -264 298 336 189 314 308 30 454 -454 46 475 -474 234 461 157 -369 -476 -52 58 89 227 300 -240 -422 -500 -338 2 -279 -461 -51 215 -404 -283 396 -245 85 -56 -305 136 -425 -440 234 60 -499 -406 -207 16 -254 43 128 484 117 145 424 -260 -338 126 -420 170 -27 402 446 167 402 64 -71 -226 188 -316 -145 -153 -301 311 -403 147 -197 -128 144 -289 88 -162 -328 -195 -327 318 158 -415 -252 -100 -434 47 133 -423 272 -442
306 -449 53 56 477 -417 -57 -333 -191 -40 28 125 44 -20 477 -38 428 -209 82 179 251 370 -425 411 106 -437 319 -276 410 138 -370 -170 165 -439 106 443 -32 -64 408 45 420 -164 -397 251 -84 -493 -434 -327 151 -245 -108 386 -271 261 -24 -256 225 -437 -206 389 -493 438 423 -226 -5 94 -179 54 -247 -215 -323 29 68 -196 214 399 -241 286 434 -93 74 -258 -92 198 245 491 -136 -67 -390 -433 468 390 -454 -342 -218 -356 268 246 382 -25
-78 399 124 -368 49 -171 -396 -305 -246 326 191 -201 -234 363 261 -479 -456 326 -278 -415 -440 -171 -316 318 397 283 167 9 308 -131 -2 311 275 30 122 294 341 289 -463 337 -375 473 362 -170 158 319 211 -336 196 -454 48 -399 -144 -285 406 248 121 120 -165 97 38 466 354 348 347 -455 -7 141 489 -10 230 465 -257 56 -275 -46 -37 -124 -463 192 -455 -362 -253 92 450 34 -74 -273 497 -480 324 73 -319 -412 35 -446 -213 -292 -341 -328
-286 -203 -392 -156 460 386 130 3 -99 468 -420 325 -19 107 461 71 212 -42 402 -205 -84 108 8 -326 -373 408 279 -308 -107 -148 -199 301 -227 481 227 -285 -152 -407 250 -206 324 250 -429 58 -277 433 -426 458 424 -166 -314 79 87 -182 353 138 146 237 -482 -388 -286 65 468 -149 188 264 -295 -449 -155 18 -416 124 494 -336 386 -418 69 -223 -190 -332 -21 295 215 277 -313 364 -317 -493 -470 -438 -45 -157 284 -218 -45 437 -347 260 236 -207
440 435 -260 -366 425 -433 72 -174 -272 -233 -225 126 331 -111 24 348 -204 221 341 -84 -379 -458 -415 -5 362 447 -109 194 433 -392 -464 185 326 272 -315 -313 79 497 -421 10 376 -126 163 340 -321 191 441 -223 -318 397 305 -124 -491 292 239 -262 115 133 -245 -195 191 76 249 470 -413 467 337 129 -437 336 406 401 41 -232 463 477 -35 -206 -303 -389 74 -439 -179 -144 368 -162 143 489 384 -475 90 -212 234 -495 56 -213 17 -18 465 -482
151 -312 201 39 235 -381 -482 224 234 220 46 113 -395 1 -333 319 354 -112 -381 -118 297 -27 269 -100 -370 158 -145 332 -350 365 -65 -264 -359 309 -225 -319 -470 232 -183 -118 -412 -47 -140 -121 -142 -447 -423 -353 -235 -280 -71 112 365 -348 -307 299 -75 184 59 -145 406 103 -57 368 218 131 -56 41 359 235 -480 -167 -172 301 354 19 59 -282 -217 -172 319 96 269 -253 111 314 -102 177 311 -408 393 -291 -438 493 46 268 80 203 -265 -264
400 -65 -156 338 287 280 391 349 311 -141 486 384 -192 240 36 211 274 -420 383 -206 325 -424 -110 341 275 429 354 -158 -87 229 -302 126 -473 -383 -105 -291 344 94 -132 -446 -79 -169 -68 -457 -410 273 400 473 220 -76 -468 -446 69 113 -115 -30 -5 347 -242 -209 485 -329 -243 105 -309 273 88 -480 -199 -209 409 -89 19 -414 -479 329 -372 -370 444 198 430 -329 -368 -243 -403 378 -27 277 93 -142 165 -247 384 -235 -197 -472 -368 235 422 -417
337 263 220 -334 53 -454 311 -210 -28 254 239 -250 -32 -225 -299 105 -481 -413 -351 285 -25 349 -254 172 145 418 183 369 -417 468 -393 -66 371 73 -403 247 -89 -196 -247 -7 383 -194 -155 449 -70 -416 -120 -359 -173 -35 59 -375 -46 397 -314 -377 -461 -129 -307 168 -489 370 -180 158 499 232 -308 -179 479 315 22 261 -211 87 -207 -295 467 438 439 -402 334 -73 -260 499 -5 479 -330 -368 217 458 -321 -426 420 -157 106 62 -130 117 213 454
451 81 41 -74 98 -490 493 475 -204 -416 -409 -32 -25 431 -191 -25 170 -18 -115 -286 -116 474 27 75 -89 77 485 -219 -480 -7 -400 155 -45 -472 -267 -47 312 359 18 271 107 -26 -172 -259 211 62 -306 -241 -158 -398 461 177 -396 -479 271 -214 -377 -257 -464 369 -281 479 -122 195 -59 -25 -180 -499 -409 352 -82 17 292 298 72 -380 135 -108 -340 -131 -481 -321 343 -291 -94 170 -166 281 444 -439 127 -459 426 -223 365 -208 -34 220 -451 -203
66 116 -380 -342 318 460 -60 -226 192 -413 245 292 130 238 300 98 497 233 -460 -118 260 -252 -278 -317 -98 461 -274 -262 260 345 -303 -151 27 159 200 411 262 -207 -423 351 -302 -282 475 -402 276 -430 -322 134 -20 -121 484 -100 234 -170 341 -139 -223 112 -337 325 477 -198 -312 92 235 -324 -452 -8 409 -8 226 147 407 -419 -270 325 39 134 66 57 340 127 -195 441 -78 -408 370 232 -216 -470 -99 -366 -122 -394 -183 -268 49 -11 -292 -223
85 114 111 -346 383 297 -100 -184 -427 -10 -34 -299 251 215 165 -23 -232 -66 -475 -253 405 -422 454 -445 329 -371 -32 162 275 47 495 73 158 -296 171 -356 345 -108 2 -260 235 -145 246 407 -54 311 -105 17 6 395 -133 -337 467 -23 -6 -38 29 -167 -97 -224 -175 -194 -261 325 -450 204 265 303 462 333 -50 223 69 -498 70 -309 -394 -177 -58 55 378 358 -260 195 -313 490 -420 432 -469 36 210 -130 305 -477 26 -112 379 116 495 -304
62 -420 137 -46 229 157 -316 386 -160 15 178 -144 -327 136 5 -173 286 244 -168 238 -412 -413 278 354 -339 89 472 -350 70 488 414 364 -357 -42 -500 262 -344 -434 -91 362 412 350 344 -344 461 372 420 361 123 -204 222 -119 338 -500 -321 37 205 -159 354 329 -221 -79 260 -193 -355 -473 -366 41 7 -48 -213 -454 150 -84 -319 -184 268 -149 -462 -52 349 -412 -100 -106 -88 -408 323 88 -157 493 221 9 458 78 -310 483 247 -297 -1 -199
34 -339 -303 -472 156 79 -264 -374 -3 181 -59 163 421 435 352 -481 350 277 459 19 -21 86 -9 -433 233 -101 77 -263 -326 498 233 -482 113 417 426 175 -384 19 -322 303 360 3 296 -165 339 266 138 -167 -413 233 20 -470 95 270 -28 183 492 -383 466 -36 -429 426 212 457 22 -467 15 135 283 35 -128 365 -196 154 224 -302 -382 -133 -75 -457 -14 -380 -332 -445 139 -280 -376 -289 -67 -309 81 -269 -44 134 -447 310 207 -186 277 -348
-412 58 -34 413 275 -177 478 -85 -95 210 -332 -141 -482 431 207 -193 -369 -239 206 -338 49 304 -135 262 259 -139 391 -286 -46 -380 -386 289 388 -90 327 -268 328 -382 -135 -385 494 -295 -131 -149 241 -449 -172 -168 276 103 177 -276 -119 215 126 -78 -130 152 -204 489 -191 445 -406 139 78 288 211 -278 -238 -411 361 470 143 460 -163 279 403 436 70 -434 442 89 461 -450 -153 393 -98 -66 -166 87 151 480 -101 445 -415 496 66 245 -374 406
51 306 -336 -282 241 -324 -476 196 275 -260 -408 143 36 -248 -268 -252 345 467 469 -363 -21 -172 154 159 490 480 -485 120 -427 -464 -450 -193 -496 18 334 440 478 -253 -91 -71 304 -356 126 -228 -468 -247 171 -277 418 485 452 401 12 -110 -345 142 -226 -261 -136 -356 -243 37 -488 -263 -357 99 67 -107 106 -243 -42 -486 101 266 -176 95 -168 232 -18 285 291 365 214 42 -335 492 328 98 -285 274 358 428 -332 492 -64 -175 -336 -486 -321 451
194 -92 -397 -155 371 -340 68 167 441 386 -65 -42 -276 410 117 492 168 -80 -25 445 310 -83 -306 -172 197 321 -344 -387 -425 130 -148 105 213 34 192 395 13 428 -89 -110 31 -180 -408 146 -43 -6 494 -410 -113 -280 -150 195 343 -454 -152 -388 212 -5 -122 373 400 -117 386 -388 -287 10 -334 -347 -440 -479 244 -16 4 -167 297 -193 465 476 -206 37 -403 -344 102 -176 -410 -377 306 -274 -143 239 490 -463 -158 -23 -125 -125 -79 -96 -154 -473
432 -178 10 86 -312 360 -394 -498 170 30 323 -100 215 -157 -287 398 440 -355 -20 304 -81 -278 -225 -448 248 -483 422 461 -144 313 -318 337 -161 -17 425 423 -441 -232 264 -19 -255 92 495 179 19 419 -242 -420 232 395 -149 -402 113 -86 168 175 77 258 -49 -55 109 -118 125 219 -248 354 87 339 96 -492 -38 394 -267 168 -263 477 -226 270 185 363 298 -197 -58 -327 -288 -16 -227 -101 407 -144 -147 111 193 117 142 -416 494 324 -214 66
-195 400 75 -182 -30 420 -447 426 -186 411 -67 56 -233 50 -244 353 323 -13 -406 284 124 171 -419 144 -408 380 -405 -375 -51 -467 -204 290 491 -125 -143 125 -240 -37 239 -176 73 -178 -232 356 -68 137 -104 -148 490 284 190 -453 94 384 -253 -352 334 -97 -375 90 -36 -10 87 293 -299 449 -131 232 -22 -198 -20 56 134 -177 57 -190 -5 111 -122 315 116 -176 393 315 256 -446 363 -341 -497 406 -287 -320 122 73 -480 480 420 362 -325 75
110 -8 179 -100 50 297 -471 -23 -94 120 -409 -372 -442 -247 -480 -106 -196 -236 -13 150 -399 -22 419 183 212 -380 404 -276 -313 -217 474 -402 -311 -248 319 -74 374 -194 -430 489 334 111 135 71 267 322 -498 -365 498 232 -173 -398 191 -461 -103 -238 158 138 -348 -303 104 -115 213 -64 22 219 -117 -419 -94 -273 -120 -366 -129 -346 -335 183 -282 488 76 -285 -188 -254 -402 -391 -21 -54 385 189 478 -306 -174 268 -340 132 -112 303 -487 424 -114 93
110 389 470 228 -111 -184 60 -198 84 407 319 -135 213 293 20 448 350 198 -288 -186 -89 -19 267 241 -219 -356 84 255 -251 -319 220 -113 -211 165 -314 109 -387 -58 486 -216 388 163 73 -288 390 127 401 -278 125 -344 284 -83 -456 -308 -187 -98 -105 -133 -42 -419 -124 -172 -49 -256 -449 161 401 238 263 405 -331 244 -397 122 81 157 -358 -128 366 -66 -2 -427 270 343 -402 -323 464 133 -69 179 40 -93 -380 244 -24 393 178 156 -132 477
-153 373 -328 -500 -257 334 -157 467 -369 461 -374 -478 -217 -105 -274 -486 -2 104 -224 -333 -197 -499 383 197 -408 236 35 -384 -183 -47 80 221 -314 -247 11 -426 147 -296 430 -119 465 -44 232 298 -387 405 231 406 383 37 -159 -470 354 215 -210 22 429 -442 387 90 -434 229 335 120 -379 -96 184 459 -498 -203 -479 220 104 49 57 347 -340 361 -192 487 -362 -48 86 -403 260 480 5 -128 -393 39 345 -177 430 -100 263 59 205 -405 -165 -153
-473 -345 29 -160 -28 27 333 349 -297 -135 -389 238 -127 -11 349 -470 -97 -418 57 -289 -285 -486 182 39 -76 -123 -223 238 -357 180 -246 -115 -363 51 498 -498 -186 -362 35 -40 -8 435 18 164 -105 -21 -384 19 -345 258 -142 -404 422 -350 -126 -228 -301 -212 -422 -42 -39 230 -40 157 488 298 -150 44 -166 -12 473 -57 -24 -143 285 168 318 118 -65 433 326 195 -292 -498 -196 -252 477 118 -81 -39 59 499 35 315 -302 239 213 -220 -11 -209
-68 142 488 449 -112 -190 140 -94 490 270 -317 100 -115 -469 322 -389 -362 465 259 -222 -214 -495 125 -439 346 -260 31 284 -375 341 223 404 -244 -1 -420 -233 133 -193 -137 -416 28 327 404 263 155 -216 -79 -61 -261 49 397 165 -137 -316 -116 58 320 297 -141 -423 -374 297 153 -488 308 -169 -103 -323 -83 199 -58 160 -218 -386 324 476 116 27 -375 -357 351 -265 -470 -344 165 437 479 451 387 253 -208 317 -24 -1 62 -43 -212 209 -384 -457
413 -488 -274 61 470 -454 -396 117 -461 335 426 -56 100 134 -270 118 405 -409 497 208 430 -30 -254 163 -27 129 212 -281 -392 97 185 -81 -48 304 257 477 189 409 -311 -293 -11 183 496 79 -430 403 -79 471 460 17 22 73 -238 25 283 58 -14 -420 -249 61 433 493 -271 131 5 401 -22 -499 444 427 -166 175 486 -98 -459 -328 347 -283 -42 -306 196 -272 -235 -244 -373 171 -279 -48 487 39 404 98 282 106 -85 -194 -104 35 25 -316
-147 -1 -478 -376 -51 -130 463 -108 -21 -286 -277 -408 -486 436 -175 160 132 295 147 -202 -244 -173 -452 -277 124 380 484 354 301 -371 -114 368 -49 331 -310 -444 -157 -183 242 -130 221 70 -106 16 -180 -418 -303 125 340 104 13 432 10 58 -276 -461 -284 -117 134 304 -90 224 -355 275 -155 107 -445 234 -443 -254 -344 -80 -90 -252 -22 77 8 -407 -396 112 411 -80 -285 -485 483 79 23 -216 145 -99 441 -102 344 -48 410 356 -203 -378 23 -348
-320 -160 -105 -230 -19 215 35 -199 -239 -189 -286 -291 -212 -218 125 -264 373 -203 -326 -57 -128 -439 489 -468 -444 -223 401 358 -393 408 -393 120 352 59 -213 375 497 136 415 -187 304 -109 -237 417 -127 -258 -412 391 105 -452 59 174 116 158 491 107 246 486 286 -17 97 92 -342 363 0 295 396 371 -332 -318 -71 356 -201 -207 252 28 169 -141 -287 116 -105 -339 498 -134 -470 -399 68 -356 -423 197 71 -282 494 -493 -236 -269 67 364 -6 112
1 442 -219 407 113 335 190 -345 373 -75 -228 253 -100 -177 363 342 -63 -18 213 -172 -354 -495 161 147 -152 314 280 343 -31 56 -11 -275 353 -147 -470 417 354 263 -84 -382 -155 479 -29 289 344 236 -417 402 -340 140 400 -234 469 -412 -91 -485 500 362 98 -399 363 -131 250 314 -441 274 -224 12 310 149 281 -14 -388 -176 -136 129 4 182 -291 -152 359 -369 238 486 -333 -212 -492 -77 -57 -495 260 346 470 -290 192 389 92 -34 -415 -466
261 -52 -494 -102 24 133 60 498 220 15 489 20 103 -255 -48 388 -56 -454 -194 -121 187 98 -270 83 -73 -261 -474 -157 -416 409 -18 14 -287 -146 -417 -272 -188 -179 -14 394 -240 437 -120 332 -316 61 479 34 -92 -18 -461 336 277 -222 -235 -241 150 240 -229 -313 -481 140 -450 16 46 64 161 -411 -416 -226 -370 125 -225 -76 -142 469 292 33 -50 68 -487 -289 251 260 -326 212 188 299 141 298 -290 -89 -498 284 -364 -87 179 -52 -91 -403
-83 -325 -328 -13 -230 205 -191 233 -369 -284 -141 432 364 299 -26 342 -116 109 -260 -340 -152 60 -139 40 359 -174 -216 -311 -60 -248 410 -300 208 -184 -345 271 -67 354 188 3 425 -276 -78 61 -150 -75 168 -320 -260 -198 -153 174 278 252 457 200 40 -461 82 -172 239 -272 -130 224 86 320 387 219 31 -67 -162 100 -219 -485 -55 115 -200 336 192 125 -11 -132 396 -38 -262 346 -27 -268 182 267 -65 -169 204 -177 -2 325 73 -409 -403 -397
-138 91 -484 109 425 -57 184 451 61 385 -441 -388 51 340 85 177 -20 460 -166 97 220 318 -229 96 491 -44 -183 -256 264 98 38 105 -116 31 25 -40 -30 -339 -136 339 21 109 -303 469 302 385 -238 8 -172 -354 308 -267 244 -368 -210 -245 -74 236 -369 2 -204 -380 4 -100 50 430 -160 85 477 423 -476 -210 0 478 136 -495 196 73 8 -259 -367 -468 -487 351 -415 269 153 500 146 -342 186 -399 -1 284 -152 -484 5 -151 11 -490
140 30 377 -410 495 210 -80 -350 -442 -354 250 -325 136 333 117 -95 -371 292 -44 67 262 489 116 -92 30 123 -171 -378 -469 288 -192 170 -26 -380 25 -484 227 221 -20 -111 -444 -213 498 -60 -487 344 -455 -297 -357 153 269 -222 -350 259 241 -186 -17 499 -47 -61 76 -160 210 469 -327 -221 256 357 15 250 17 -171 -64 169 395 399 159 -192 264 -94 -456 -316 103 105 -66 -254 -293 120 -279 -11 220 333 -159 78 -421 -19 375 364 491 131
450 32 79 415 -379 353 88 -423 114 379 -66 91 443 -217 -48 -323 394 456 164 -83 -106 340 -173 -279 415 -329 -253 -277 47 -115 -342 98 -392 -423 408 264 -294 -276 289 -188 410 -155 -388 -392 201 438 -32 -248 440 -158 -224 144 339 -138 500 285 380 -238 248 -201 -242 296 248 11 140 -151 341 -284 250 42 114 -490 103 -73 -25 356 74 395 28 -340 414 -45 308 346 135 324 131 439 426 164 -299 321 -244 414 -145 -1 -391 -173 -231 -478
