142 458 -24 -220 -266 233 165
432 320 -101 79 -482 287 304
-68 -337 -477 -371 -252 -1 163
323 369 -347 -16 156 264 -87
80 44 312 11 121 73 92
1 -148 330 -497 151 407 -21
-239 -152 450 -53 -289 381 133
-477 243 21 -314 125 150 235
-182 368 -62 -55 334 205 157
418 263 -291 -266 -288 436 272
254 257 465 -156 318 -469 118
-434 -342 475 -490 228 -143 392
-373 409 -448 421 490 -239 303
419 431 348 152 -447 -433 498
-81 -40 -195 -384 103 -34 109
432 132 -253 462 294 -441 -406
472 117 -141 -107 216 263 -467
-455 -162 -373 259 -11 -435 -156
-245 -326 -284 -475 392 -407 -12
-260 -201 356 -405 -436 -488 -243
-462 312 -285 245 -353 494 478
239 443 141 -420 392 -197 -395
73 -391 492 488 179 352 -233
121 100 33 -441 -19 125 -220
-418 70 497 -282 -189 206 238
-439 -450 -41 267 -67 -257 270
-414 480 -7 66 -189 -348 130
-402 22 -448 179 277 79 441
-3 -416 -104 291 115 -151 231
344 367 47 404 -42 122 -309
159 129 30 19 379 213 468
-87 -292 -170 -38 103 453 -289
171 79 -51 325 60 358 296
-37 -261 380 268 -164 247 -397
-192 -3 -7 128 -230 210 312
-468 -437 -482 -185 273 359 140
480 56 -151 -99 -224 175 -428
41 223 -445 -457 -102 -69 327
-227 277 477 499 148 27 -324
458 497 144 436 77 -129 245
257 291 354 140 -152 417 349
428 168 246 -241 429 -94 -456
264 359 -3 -209 -191 434 -163
305 -179 -23 142 298 205 251
225 -192 -396 16 -328 248 329
63 -304 -480 -305 170 -481 220
-252 418 -446 131 -326 175 -105
-181 277 -203 218 -335 -326 -63
319 -128 203 455 -455 12 -366
-120 -53 -411 -73 -355 53 219
-428 39 -196 436 94 431 67
94 386 384 -106 468 426 429
418 -328 -229 -288 472 183 -475
148 -336 117 -13 -251 -359 88
121 200 -216 -411 -436 -487 -117
122 34 -123 162 336 463 56
-180 140 154 -366 -142 386 482
-245 -294 -171 -150 294 413 371
-219 66 -124 10 14 355 -260
-328 214 -300 341 -304 -31 375
188 -126 -75 179 -248 -258 477
-170 -105 285 287 267 262 -366
194 2 -173 460 -43 266 -350
92 -222 -347 429 -472 186 -480
-391 -218 -31 360 3 279 41
34 53 398 74 378 145 295
-238 397 -75 -466 424 -461 -434
20 84 -388 -99 -109 168 112
-78 -207 -101 328 6 383 -103
289 -258 205 431 -389 131 380
144 34 434 -379 -359 -210 15
439 -447 1 -198 -185 173 273
-360 -274 336 411 -150 289 -449
-442 -69 489 -293 360 -409 -392
-41 -351 411 -99 -18 -361 -428
-279 -66 398 186 231 52 -38
-405 80 -435 -457 129 -293 -84
-347 -110 -93 113 -77 -174 -260
-469 465 -176 -331 -382 -474 -311
-42 -35 -119 277 -73 447 -17
148 128 284 66 427 19 -335
-358 -115 291 -286 -219 -292 -223
296 207 -374 -450 -56 179 384
-361 23 -450 -363 488 308 378
-171 -104 193 11 -142 -401 -481
217 47 433 226 -353 -36 43
190 -136 -394 -62 5 -343 240
349 -35 342 -496 -297 36 -14
462 103 360 -83 -310 -269 27
113 362 -439 297 -498 -197 47
-147 396 434 237 -418 350 5
-383 -500 216 -306 -365 -252 -469
278 -259 436 66 30 286 -360
64 -494 187 -183 349 -275 210
-395 -19 -235 -475 1 -483 -297
17 16 339 -117 -157 -84 348
-20 -387 17 -87 155 -315 -215
52 355 124 -327 258 -324 85
380 359 193 -456 444 45 -96
-289 -207 259 -315 42 -234 -247
